8.47339
1.48832
8.89056
6.92664
9.69613
7.09127
7.63929
4.66864
8.29249
7.60526
4.09684
8.62493
3.47561
6.99397
3.50202
2.76462
2.08959
6.0084
3.93491
5.71502
7.49704
9.41243
5.96828
3.6731
7.70006
6.21545
7.90608
3.97336
7.15471
1.47526
2.58324
8.98806
2.80175
4.46794
5.64311
1.96624
9.53424
1.29272
7.91072
1.24057
8.81772
4.65461
9.14801
8.97175
7.23181
9.98544
2.22447
5.45874
7.60914
6.36359
4.99183
7.59326
3.04836
1.26713
7.47127
2.30327
3.43903
5.85602
4.69266
4.46805
6.37133
5.89789
2.18237
2.51282
8.0251
1.84488
3.6876
6.12766
4.98669
2.61455
1.85338
1.29067
4.56444
8.80412
1.18624
2.18422
5.62793
4.0319
8.3055
7.6752
5.19233
2.46944
6.74437
2.22056
8.92916
2.08647
5.08552
3.19516
7.79383
6.46896
6.35672
1.97815
8.97756
4.42323
8.6882
5.39685
8.88353
3.81747
3.44512
8.61846
9.82704
8.91743
2.98106
1.95403
2.1916
5.79423
3.37146
9.63014
5.16125
9.70646
1.30476
8.9471
1.53592
5.93628
7.10803
9.398
1.92423
1.96497
3.15759
5.86385
3.83737
3.94127
9.04176
1.61459
5.94648
1.08452
7.3223
8.54818
8.01944
1.9638
9.02695
4.84061
6.90279
8.59918
3.63944
1.79144
7.82995
5.58598
4.74831
3.60488
1.76685
7.97571
2.1153
5.01676
4.73198
7.07104
1.48339
5.28415
3.20615
3.65553
1.33179
4.78314
8.49879
1.47889
8.28772
5.99196
4.79883
1.28314
9.68537
9.00227
9.39923
1.9283
2.9935
3.51322
3.02496
4.8191
6.61891
7.84885
9.49914
5.29334
7.95412
5.97813
6.11902
6.7427
5.23176
1.15563
6.07408
1.77832
5.98569
3.84103
1.48129
9.9298
3.62331
2.18733
1.58795
4.91254
6.76561
1.96742
1.32084
2.01266
2.13
8.15079
5.27834
9.23831
8.53302
7.94946
8.18338
7.87679
6.93725
5.15386
2.67027
8.23686
3.44633
8.99032
7.66589
6.27968
7.62958
9.47857
2.31499
8.23079
1.06911
2.09753
4.55834
3.14994
4.87521
1.99624
9.89917
2.08677
1.06964
9.50038
6.67799
3.79518
4.51497
4.23929
1.97227
9.36216
3.86394
2.89617
1.74181
4.69555
3.3489
4.5289
6.68117
5.3433
9.77049
8.1329
8.5083
2.81962
4.84854
2.73344
2.32085
3.82275
3.24794
1.81261
4.32204
8.86543
2.34865
6.12572
3.92107
7.71805
4.51117
3.22092
9.98634
2.74014
5.73414
7.16125
7.49177
2.64626
8.996
7.11908
6.26564
5.59467
9.80685
3.28022
5.89916
5.39005
9.21049
1.97489
5.90859
2.11217
1.01697
1.80308
8.81033
3.792
8.34984
9.04962
5.79516
4.93927
3.77775
6.28657
4.45715
4.41356
1.19006
4.2308
2.66017
1.13613
7.15662
6.60571
7.57352
6.69062
6.85192
9.80903
5.17527
1.24917
5.06447
4.71114
8.41657
1.92692
7.55867
7.42853
5.46939
1.63704
6.21202
7.54711
5.26442
2.83351
8.82951
2.61067
2.13697
5.44716
2.1612
7.25775
6.91424
5.26854
5.68927
5.8922
5.26924
4.5102
7.30541
2.88104
7.33088
5.70039
9.76195
9.02077
1.08841
4.211
2.41306
7.12864
7.89321
1.45021
8.04564
6.25972
2.13254
5.96169
3.87024
2.3791
5.90663
7.50325
4.22894
2.4507
2.62073
3.64286
7.84098
2.76875
5.67643
9.09349
5.77112
6.162
1.05417
3.20619
6.79546
2.24809
2.08745
1.57882
8.84484
6.82978
7.02474
6.54092
6.98319
4.17852
8.13046
6.90464
1.30917
7.0575
1.41861
9.79025
5.97912
3.09292
7.80419
9.27757
5.21662
7.37976
4.85084
8.11696
6.26212
2.45153
8.65242
8.2448
4.43779
9.87017
8.0394
2.64805
8.00526
3.92545
4.79998
4.06584
9.06903
9.49507
4.36575
3.49872
1.20197
6.15805
8.77187
9.28625
6.87009
8.58029
6.54384
5.80007
8.17454
9.00513
6.13658
6.33315
4.61669
7.72267
3.51399
7.74651
7.43073
7.41877
4.21244
9.45924
8.22155
8.12738
9.02118
6.87522
8.21579
9.32267
1.15695
6.71869
7.70459
2.71573
5.26684
8.25773
2.59249
3.3924
3.92316
1.32194
5.89835
7.87621
8.88293
2.71606
1.92372
9.69323
1.71653
6.7595
4.49599
3.25315
2.39496
6.31382
5.54809
5.81293
7.41005
6.95692
7.51125
8.17025
4.72072
1.50202
8.96584
3.11152
5.49946
1.27433
3.42319
5.76254
7.38099
1.63342
8.11736
7.00598
4.3991
7.17962
5.07763
7.14977
1.92252
3.44869
2.21588
7.67548
1.54542
8.81504
8.70169
8.88615
7.77253
8.53822
2.26895
7.70067
7.55588
9.93018
2.09262
9.27914
3.23842
1.36683
6.61874
9.09341
2.67081
9.63264
8.65986
9.27247
7.46192
9.26629
1.93595
2.61288
6.60356
1.95908
7.75587
9.84654
5.69368
3.43969
1.34531
6.79999
9.27301
4.27731
7.07118
8.73633
5.27718
8.13125
6.46558
5.31042
5.57747
1.75554
2.47421
5.30801
3.78971
6.94567
6.17533
9.23886
2.48315
3.05351
4.86842
9.36577
7.21656
8.45231
6.42674
6.99199
1.52483
9.00602
1.71016
9.24967
7.58097
4.78656
7.59933
1.68463
8.49615
4.88426
9.99872
4.84344
4.68551
8.22924
4.44805
8.5304
8.57931
7.87783
7.2188
3.00735
9.75966
5.3882
6.73348
1.6368
5.42819
8.44952
7.42414
2.29691
3.88075
5.46164
4.98461
8.488
1.25083
7.53177
4.75217
3.23916
6.00676
8.80784
8.67878
5.39256
8.56035
9.77821
9.45224
6.8149
5.51959
3.93966
4.59521
2.93208
3.81601
3.30603
9.8847
1.49448
6.22138
6.89162
7.90939
9.21522
2.18442
7.54598
4.07009
8.75917
1.16623
3.63295
7.50231
9.44828
8.35591
2.8434
3.46495
7.93028
6.79273
1.55758
7.97299
4.64062
5.03832
8.78366
9.10536
2.54941
6.41693
1.18821
6.85057
2.48941
5.43689
1.3017
2.64937
1.1609
6.63116
4.92796
3.63783
8.86234
1.02656
9.75257
9.48941
4.43967
3.92274
2.76193
7.44075
8.6935
8.52706
6.59551
7.66565
4.90571
9.53415
1.00669
1.1822
5.85035
6.25809
9.03281
9.74402
9.99996
1.23305
4.35286
2.49559
3.91025
9.65826
7.82629
5.25929
8.643
8.95499
5.56375
5.33329
5.2845
8.46007
3.44372
2.96577
6.09869
1.34888
6.32249
3.02981
2.30898
9.39195
6.72874
4.583
2.46115
2.57055
9.62174
7.38684
1.69027
6.6365
6.21486
7.85116
5.70107
2.79176
4.78439
6.29482
4.58621
9.10573
6.66635
6.41651
4.43773
4.01363
2.35313
5.60455
7.41966
7.92378
3.33939
4.76535
1.10034
8.10052
8.0315
5.80649
9.36138
9.95132
1.75461
4.65489
5.09286
5.3156
6.10308
4.3562
6.93086
7.7593
9.5728
7.31731
6.64418
9.44763
5.60244
2.12929
2.98209
3.30912
1.67159
5.78616
9.76116
7.83705
9.45543
4.63293
3.29584
7.86144
9.67277
2.86049
6.59858
3.7449
9.69404
8.50661
8.20574
3.69867
5.88067
6.48502
4.81369
9.95958
5.30935
8.14512
5.60366
3.0203
6.45796
7.71983
4.41451
1.6678
7.48703
6.27215
4.58237
3.88321
2.61959
2.4424
2.05807
9.12618
1.25716
4.27642
7.55097
2.76303
9.77043
3.11011
8.20446
8.34727
8.47189
9.18929
2.40775
9.66133
1.3564
7.41668
9.35165
7.89458
7.01607
9.98378
2.44016
9.96835
6.18901
8.21997
4.34662
6.95436
8.97374
4.38851
1.34165
6.86088
4.21994
4.20915
5.23257
6.50071
9.81041
7.71244
5.02269
7.88009
8.77469
3.57898
1.25332
6.13288
5.48345
4.03006
2.80596
5.39191
7.01328
6.63601
5.42983
9.90941
6.64213
2.98852
2.31984
6.96167
7.46552
7.80306
1.37549
2.65752
8.37429
8.85086
1.7589
1.22903
4.69539
2.07743
3.29689
7.15472
1.73801
8.67091
2.52395
3.31845
5.88209
4.07929
5.97209
3.09357
1.6233
2.62667
9.33252
9.5091
1.40981
1.52272
4.9722
6.02259
9.6449
8.02406
4.12923
3.75593
2.00811
9.87223
9.86896
3.50308
5.26472
5.21658
6.8959
3.72218
5.78972
1.22703
7.05307
7.85729
8.80384
6.02544
4.86877
8.7116
2.64803
6.08733
2.55706
2.78839
6.04927
2.86258
3.54574
3.44726
1.71962
7.91668
7.42498
9.91387
8.86823
1.16426
9.48456
4.12834
7.83874
8.17699
9.16982
3.53913
7.50729
9.93162
2.99538
7.34024
2.10134
9.26
8.52913
9.35941
1.51652
6.16885
8.46071
9.14737
8.04803
1.94813
3.65478
5.34615
7.83293
7.71739
2.63632
6.37553
4.64987
4.93664
1.83288
4.45187
2.09778
8.36222
2.435
4.88391
7.17161
3.52037
6.6371
6.3983
4.49781
7.29104
5.47824
2.75466
1.0047
2.45432
5.15182
7.37329
4.2725
8.68837
5.00147
9.52024
8.52171
1.02305
2.44681
8.83644
1.5761
4.83835
4.93452
7.37717
9.16819
4.53789
2.35295
1.44838
9.06029
2.63455
7.87853
8.21307
7.63313
8.31624
2.25143
5.02489
7.75995
9.05842
2.4102
6.93966
3.60861
9.91573
4.9793
5.81269
7.53679
8.26436
7.15108
9.47607
3.45133
7.37081
2.38725
5.41908
9.88773
9.35486
2.40739
3.23789
8.83792
8.10099
4.43833
6.87977
5.45473
5.27727
9.05018
8.40963
2.97029
2.67284
5.1579
5.26698
9.25076
7.81226
1.37035
8.2439
8.05413
7.49885
9.3029
5.08419
2.07421
2.7267
6.12443
8.85577
7.77357
1.16149
4.23492
1.33667
2.54439
5.8325
9.22708
7.65918
3.52705
5.8713
8.26898
2.8069
3.13231
1.96604
6.96997
6.54464
8.48702
7.98628
6.30649
7.30592
8.5479
1.7604
1.40237
2.65714
7.51231
4.94056
5.24254
3.67635
6.32069
6.19943
9.29163
1.62393
5.67595
9.85526
5.75246
3.03171
4.59553
2.5506
6.81592
5.73204
8.3623
9.47417
7.27931
3.62639
7.7031
6.55489
6.08666
3.10271
2.99293
5.21728
3.16154
5.76125
2.73306
4.15594
5.87847
3.22108
3.56668
6.56042
3.73215
8.22721
3.34579
3.66608
9.85417
9.13268
4.14392
6.00991
1.70703
5.70558
8.08677
1.2609
5.93133
4.94735
2.83216
2.15977
3.01919
5.48948
7.54622
9.52549
5.56607
7.26099
8.93446
1.26081
5.42056
6.75982
2.2743
8.54362
4.66602
7.78946
1.33886
7.15242
9.98023
2.08667
9.04534
7.63449
2.56432
3.59867
9.75845
4.21723
9.00534
4.65808
3.73786
7.46314
9.69887
5.23282
9.62746
8.647
4.77802
8.14568
7.00101
9.16086
9.30461
2.42549
5.55358
5.33307
2.30051
6.14224
1.97659
4.36497
2.18144
4.14323
6.26618
3.75355
6.28047
7.99365
1.81659
5.69579
4.77607
4.89204
6.93139
7.62153
7.97324
6.17698
4.98438
3.74027
8.39972
3.26041
4.79673
5.25792
4.42336
8.32553
1.21585
1.57587
6.5211
9.86996
8.64059
9.68235
2.82762
1.9272
8.91869
1.81357
2.29978
7.03061
3.8196
7.03713
8.34837
5.86318
4.67702
6.45174
6.9919
8.47606
6.64681
6.09177
2.34086
1.87578
5.76013
6.48675
6.17034
8.47673
3.03316
7.12008
9.75765
3.65043
4.28114
4.66325
8.49822
4.58003
3.45933
4.36225
4.68645
1.54075
2.1096
4.87849
6.4849
7.59763
5.9088
1.03332
5.73601
4.63392
4.98835
5.47942
2.94501
2.78594
8.69827
9.34656
9.88823
9.06312
6.02259
8.18171
4.28649
3.69971
9.54331
1.39002
4.71316
6.53354
6.3926
7.70517
9.4609
8.36691
8.6097
3.10281
1.23
6.8679
8.78043
5.68507
1.85952
4.87758
8.43902
6.88053
6.29008
6.17462
5.07488
8.08362
3.7069
2.11097
2.27661
8.12481
5.10634
2.44907
5.22748
4.87152
8.08647
9.20976
3.02654
5.72707
4.28381
4.44444
3.79983
5.34074
3.60785
7.69282
2.89004
8.81883
6.41789
9.87289
9.92788
1.05781
5.20442
1.30289
7.29367
8.64439
3.7637
5.02261
1.89727
9.33137
5.92849
1.32153
5.97987
8.42118
2.87155
1.03975
6.01346
2.76985
3.49262
4.25523
8.82342
7.26826
9.21161
1.20182
8.86052
6.14973
2.03694
3.48761
2.95727
2.18195
4.92171
3.47282
7.55519
3.33557
8.5235
7.59168
8.60684
1.73955
3.80757
7.41567
9.04941
8.85126
4.79956
2.80297
5.56014
1.43276
7.41441
5.77553
6.54431
5.19136
8.24474
8.60514
3.90741
2.7688
7.98096
2.97527
2.47636
5.99543
8.56322
9.51776
9.53232
1.00055
6.56892
3.03515
1.94161
4.67153
1.33791
6.46151
7.22713
2.19234
1.56301
9.94559
6.97909
6.90358
1.78735
4.53684
1.83647
1.98363
1.18505
7.59603
2.01123
7.2642
8.36199
5.73464
2.06817
1.40474
9.86432
2.46393
8.58015
2.98702
8.35978
9.77469
8.38728
5.52739
2.8229
6.35969
5.25996
4.83119
7.57086
7.85356
8.54456
8.88053
4.68506
4.54265
2.57259
9.02503
8.6665
5.59748
5.76051
8.51188
9.33373
3.5153
7.66836
4.16653
1.61247
4.73154
3.44506
1.54868
9.74884
6.36637
6.54179
6.17816
3.65096
1.6753
3.01849
6.4538
8.59909
3.30514
3.79263
2.63664
4.66001
9.93972
5.23435
6.1779
4.56421
6.65198
7.99309
7.9481
6.5377
3.66288
5.03286
6.95323
7.53012
6.07315
6.4806
1.15628
5.0937
1.26232
3.83398
5.72808
3.35466
8.74199
1.4508
5.95423
8.63261
4.94877
6.14466
7.11553
8.84013
7.84051
7.78968
3.05247
9.199
2.08171
6.27575
6.01793
4.26647
1.73867
8.67506
8.19309
1.37234
3.28323
2.782
5.72219
5.23757
6.75931
8.42286
7.67529
6.46579
2.60222
4.1867
3.64301
6.05401
2.10347
3.51358
2.36591
3.61226
3.36857
7.88663
5.84587
6.10276
7.89497
3.59262
6.70648
5.0856
8.27582
4.27098
1.13091
4.31323
1.36462
2.69607
7.1984
8.39312
7.94706
6.15946
5.70664
2.43797
3.63061
4.30056
9.98601
7.35049
5.82206
3.1658
6.61427
7.74035
4.19598
6.60468
9.6548
8.96207
1.79948
7.42161
1.31701
4.82902
5.08773
3.8498
3.00474
6.08059
6.93503
7.1928
9.40937
5.31798
1.72486
1.57602
6.66154
2.40873
5.14646
7.99053
1.68097
5.14772
8.69856
2.01325
7.12501
5.37691
4.44723
7.81891
3.49038
9.18947
8.26857
9.70661
4.61581
2.17232
3.73114
8.38697
4.65664
3.57297
3.58354
6.71837
5.82195
2.18887
4.70692
2.68584
3.2385
1.57089
3.85759
2.30165
4.76703
4.52406
9.4942
1.66095
2.30452
5.51036
5.73371
9.10498
4.81677
5.23585
8.44442
5.5002
5.79701
6.72098
4.08472
6.69386
8.78317
2.29844
9.11241
2.79911
2.75913
4.76289
6.81256
8.42567
3.42583
5.32073
4.72563
6.54847
4.38835
5.06289
9.05286
1.55592
2.89328
3.96921
9.03993
3.16506
7.98664
9.31999
7.33054
1.2582
8.07581
9.14132
8.98318
5.25927
6.45511
3.32421
1.71443
7.4632
1.08822
7.95372
1.86152
2.59617
2.80641
6.62057
1.32018
2.64448
7.19255
9.51571
1.57248
1.24491
6.78817
2.10867
2.6684
1.73619
9.19563
6.73525
5.7764
1.52629
5.10381
8.99782
4.45874
5.72768
2.64623
5.45774
9.17565
6.97743
9.03637
1.68368
4.96825
4.30271
4.43633
6.76588
6.17038
6.73425
7.62674
9.45215
2.00003
1.14539
7.82137
7.74052
8.90913
2.52515
6.61183
6.86836
8.94088
7.14441
4.84555
3.83455
9.17926
2.3006
9.69808
4.24074
5.92552
8.56893
6.30451
6.83664
8.9797
1.69551
2.82913
2.03531
5.12625
8.66805
6.58732
6.92817
5.1935
5.06896
1.47848
8.00709
4.8785
6.20943
2.19103
2.26725
3.18264
4.26235
6.7701
6.37859
1.14637
7.4125
5.96857
2.0545
6.26949
8.79823
5.17528
4.07381
8.27341
3.38611
2.05664
3.62334
9.71361
2.02102
1.73686
8.85717
8.29519
3.99152
3.91422
2.04698
3.27981
8.59774
6.11517
5.63628
7.4825
6.65858
4.65784
5.65653
4.75723
8.4141
2.56354
2.64346
1.99655
9.39358
3.68809
5.77661
4.90154
2.67012
2.34701
9.98015
6.60464
8.26331
2.37879
2.95533
7.23579
7.12418
9.72691
4.66255
5.31468
1.88644
2.44767
3.60825
9.44929
1.61258
3.04352
7.88561
5.40691
7.38359
9.0765
9.94046
6.37476
7.02761
9.10742
4.45697
3.69426
5.24206
7.42648
2.98565
2.63086
6.2478
4.20976
9.12117
1.50955
7.29695
4.22966
6.3813
3.23631
7.1233
1.52417
8.03851
7.70486
1.86824
2.61317
2.00237
6.85623
4.74137
5.33215
9.05108
6.05115
6.63851
4.65324
3.41555
7.71164
7.50984
8.99939
9.88131
8.39489
7.76426
4.43382
7.51474
9.68928
9.61525
2.57756
1.4054
3.18685
8.62564
3.85923
6.56304
1.19415
2.76824
4.03695
3.58212
5.67735
1.58121
5.17977
4.88407
2.07111
3.41437
6.84104
1.94013
2.61017
3.25148
8.31501
5.00694
3.18196
5.25542
9.03422
8.8697
5.64517
6.27416
1.06497
8.62166
8.18925
3.34235
8.03863
7.72577
8.49126
7.80527
6.74447
3.45316
6.98198
1.52176
5.04148
7.68848
9.43614
7.66822
7.72247
9.21862
9.36233
3.11242
4.05402
6.35453
9.06305
5.54949
9.85385
7.67473
9.51342
3.34094
4.48503
6.15147
2.01102
8.56664
6.72569
7.01381
8.52151
6.35225
6.84318
1.88978
9.48728
1.41275
5.60827
8.56096
4.42639
3.46633
5.28126
6.43047
1.26009
1.09702
4.87998
8.70744
9.41788
2.09719
8.35147
9.25556
9.57322
2.08935
8.55457
5.37137
8.3299
1.6908
5.21707
4.36764
3.12832
8.33611
2.00253
1.76891
3.86001
9.06836
7.25003
7.25042
7.17605
3.39552
3.2705
2.21644
4.18087
2.62258
4.64014
2.42577
9.5156
4.66456
3.93259
8.61287
7.80252
9.36017
4.98562
4.51947
2.13022
7.04364
9.45942
1.2762
7.68107
8.65331
5.40286
4.27924
2.6586
7.30866
7.60753
1.77663
4.42666
5.51878
1.32382
2.14128
5.06028
9.58845
7.26609
9.16126
6.15509
3.28888
7.31094
4.38506
2.52963
7.58204
4.43269
9.69502
6.81733
9.31396
9.98191
5.7408
7.9887
9.49064
2.44556
8.22566
5.93647
8.35366
8.99074
3.98068
5.5797
2.82402
8.31209
3.62682
6.81482
3.85108
1.34944
1.77372
8.56354
1.22818
9.40261
3.00206
5.17164
1.06887
2.29512
1.75288
5.47076
1.45488
4.49901
6.0293
7.79035
7.67706
3.44218
4.7055
8.83529
4.19408
4.41872
6.13741
7.26577
4.08533
4.62908
1.41678
7.80674
3.81506
3.13682
6.51
9.27381
2.44502
2.93538
8.19712
8.89387
5.89816
6.89322
3.12982
1.69511
7.57052
5.1668
7.3325
4.63143
9.91474
3.38305
1.71613
2.82506
6.96538
9.97853
7.43012
2.55335
4.85131
4.19809
3.39744
1.21143
5.5637
8.53223
3.08558
6.7156
2.09886
4.52951
3.80798
2.57621
8.18296
2.93004
4.887
6.99919
2.84938
7.3168
1.12754
9.28989
6.37011
7.64458
9.79377
2.85877
8.23526
7.37416
5.83729
3.48757
5.57037
1.35354
7.00696
4.81908
2.73655
2.37276
5.40287
2.45347
4.498
7.37275
9.60058
9.75147
1.20833
8.15863
4.7088
8.52592
5.57747
3.40764
1.85575
8.99368
3.04067
1.14185
6.82865
8.47675
6.62393
3.79941
8.84856
9.44223
2.7952
6.3934
1.0445
4.9948
7.63238
1.16877
9.41378
8.95468
2.32556
3.47097
6.18342
9.38271
4.84903
8.8397
5.1535
2.69513
1.20816
5.6118
2.14036
3.0224
8.77211
1.08622
7.21331
6.07142
2.63422
3.32044
4.61856
9.59664
3.30085
1.33459
7.81518
3.92835
4.44342
4.61382
3.51435
4.56248
7.52031
4.85123
3.11148
7.88653
1.70478
1.43756
7.11588
4.49984
4.60892
3.50136
8.10237
1.82744
1.88211
6.62207
1.31289
4.02394
4.86394
6.61682
3.12411
7.51169
3.48578
1.29619
6.08797
6.38247
6.15835
5.28213
9.05207
2.35417
2.57787
5.54331
1.64019
6.59389
8.01116
9.37424
9.12484
5.69288
7.60361
9.10519
4.13175
6.55459
6.25047
4.57311
9.4408
5.13272
5.36033
7.94934
4.91333
7.27294
5.1944
9.43559
5.6503
1.82809
4.66584
3.77949
6.23859
7.33112
3.91847
8.41005
9.14876
5.67924
9.52524
4.57561
9.70604
8.89335
9.41011
1.28389
6.69315
5.10562
8.31514
3.94642
5.15158
2.04396
1.47729
3.26322
5.71324
2.53053
1.79088
5.41267
1.59905
1.99242
9.0279
1.05907
9.73922
6.56213
3.05516
8.24812
7.61007
7.28068
6.86823
3.92753
4.26071
8.2796
3.06525
7.45912
4.87843
5.09637
3.10509
3.13189
5.65082
7.47576
8.46677
9.93347
2.23535
4.88741
5.31983
1.15174
6.08367
3.62971
4.32005
8.15123
5.46768
8.88515
1.42135
7.97286
7.31493
1.69969
4.4473
7.75744
4.52679
2.09277
6.45557
8.30522
1.44865
1.33521
6.75945
4.64676
1.95822
9.57311
7.78116
8.63685
1.92382
3.26212
7.61914
9.45335
7.43032
8.08311
7.05409
5.3657
6.09803
2.22168
2.63428
8.52504
5.28981
3.05902
2.89826
6.45173
2.51969
4.00578
8.36478
2.31832
1.82535
3.02727
5.63055
7.48994
6.53621
3.96369
2.47044
7.83843
4.71044
3.20285
9.30617
4.66571
5.27366
8.01927
7.25469
1.53695
9.35292
9.57763
6.52895
1.69556
3.07047
1.73727
6.79039
7.40163
8.40868
6.84756
7.6375
9.28009
2.10081
6.03385
5.95916
3.25292
6.86038
4.46407
2.27608
3.90888
6.45831
6.45869
1.35911
8.91151
5.09899
1.1205
8.94573
2.20537
4.72118
5.01969
8.80806
1.54169
2.59554
9.13272
7.44987
4.59329
6.49407
2.43572
4.85325
7.57017
4.70879
2.20243
6.54876
2.13579
1.92264
7.15663
8.39329
8.44538
6.68544
8.82529
8.60885
6.94962
1.05752
4.99525
6.16301
1.87467
3.61424
1.83342
1.06988
4.49528
4.45742
6.84664
4.2303
9.5686
9.43987
1.62948
2.30243
7.49409
5.67184
3.35308
2.72883
1.50186
4.11398
8.01899
6.24536
7.84195
5.07313
4.50714
4.96993
9.88651
2.73084
5.41683
3.30291
5.61146
5.18915
4.90665
9.42029
6.16416
5.1686
6.41662
2.33367
5.38494
9.5621
2.61683
3.81562
3.98905
3.87918
9.71978
6.7865
3.78374
5.49638
4.58872
2.39217
4.22586
3.00535
6.57264
6.15898
9.33351
5.65343
3.60694
7.86244
4.76649
2.07626
6.16383
2.16492
8.41632
7.61962
6.70654
4.24454
1.88032
6.9938
5.32995
6.40545
2.98786
6.70081
1.93625
8.08686
8.32094
7.56558
7.21105
1.96028
2.28204
5.29118
7.03248
1.59547
3.71334
1.6826
8.36264
7.13416
5.22011
1.27017
9.1996
9.54729
1.72713
5.03736
8.43966
8.15366
1.95767
4.99236
3.36096
3.25743
1.93731
4.03106
4.07022
6.36397
8.99373
9.67279
6.97793
6.29912
1.60407
7.45601
4.35463
6.08506
2.75836
2.55498
9.56398
1.45204
9.34803
5.58307
4.22635
2.83719
5.85045
6.23262
8.68572
8.25649
3.89248
8.96212
1.99784
1.31442
6.74274
8.82549
9.18281
6.33738
8.01324
4.19628
2.55251
6.88722
6.93131
8.45655
4.37679
1.64089
9.65262
3.19238
3.05723
2.08371
2.0518
4.09876
2.43009
9.6055
5.23768
1.97992
2.08231
3.6802
7.62336
6.00313
9.70877
7.79288
3.86495
6.87729
2.83139
8.88439
8.14288
3.88971
7.66218
5.37914
3.65485
3.52814
3.83222
6.79073
3.99604
1.16909
7.72457
8.53583
1.33083
8.11586
1.87306
8.29435
5.66467
8.09379
6.02797
4.57532
1.55117
5.89821
5.15093
7.0954
4.42784
6.22164
5.25115
4.90451
4.35585
7.24715
3.31026
2.72029
3.13617
4.67515
4.58268
2.30387
2.26801
2.84096
9.09272
5.16982
1.12466
3.08769
1.30288
5.06495
8.06205
4.32757
5.72337
7.56508
2.55917
6.8861
9.85763
2.13709
9.62953
9.23867
3.88523
9.46468
4.43208
4.39824
3.3626
2.65336
3.67599
1.42741
9.17248
7.4959
5.10841
4.78575
9.90589
8.21719
4.11044
4.48806
8.61195
2.73078
6.36171
4.65958
8.88858
7.097
5.80646
9.02952
2.00763
5.07147
2.63737
8.4038
1.87536
6.27597
4.55819
3.40289
7.95466
4.08711
4.86073
3.60016
9.61038
7.16372
9.28001
1.70517
9.37579
7.27318
4.85028
6.55097
8.91344
9.59745
1.57738
9.9741
2.52551
3.89775
4.76234
8.78684
6.89803
8.18611
1.00324
6.81702
7.34481
4.83767
7.31181
2.30179
7.97682
7.1557
1.27072
5.76178
8.3126
1.7686
4.30727
1.57375
1.45762
9.88403
7.62818
5.95619
6.52866
5.27904
4.90048
4.34676
6.30605
2.20934
1.73648
9.92923
6.9261
9.08196
7.69561
3.59129
3.58514
8.31753
2.85238
5.86042
6.89166
5.22746
8.8339
9.38955
3.81471
4.84129
1.98937
6.48178
7.32477
9.58333
2.649
8.48784
8.70091
5.08098
4.82557
5.57976
3.54483
8.31126
8.50801
3.85678
9.66277
5.94933
4.17522
9.73763
4.47109
3.17314
3.61437
7.16957
9.17902
2.22979
8.06283
5.44982
3.9906
7.95006
3.87282
7.29037
6.51853
2.30073
7.34611
2.10515
2.24928
5.87139
7.83362
1.49534
2.63556
8.1855
7.32052
1.41081
6.93535
8.43087
1.08824
8.67591
4.79558
9.55011
9.94793
5.94888
3.06266
9.37168
2.88813
3.76833
9.03372
1.72532
4.89622
6.52821
5.46513
6.70333
7.77775
8.10382
3.35099
8.18205
9.17011
9.41829
2.21083
3.49903
7.73901
1.86562
2.51613
2.5742
3.44173
7.25443
5.09789
3.8054
7.02171
9.18534
5.10516
6.57244
6.44398
7.42485
8.84962
7.56617
8.67846
4.34207
1.65057
3.01848
1.60586
5.05377
1.15679
2.04185
4.56628
1.45965
7.0659
6.53853
1.68881
4.18586
1.45537
4.80463
9.25395
2.53812
4.96249
1.00515
9.88315
8.82124
3.03851
7.11169
4.54061
7.28737
4.26408
3.61195
1.41003
2.82972
9.53868
3.22086
4.95679
4.23414
9.21447
9.13886
3.09389
6.88044
5.62958
4.22979
1.12311
6.96292
5.91808
3.14856
7.50732
7.64375
4.49257
8.95926
7.86785
8.12529
8.07107
1.6773
3.78522
8.28274
2.33901
2.22391
8.91656
9.25366
6.4474
3.37636
2.04123
1.28761
1.25566
7.95076
3.80574
4.53695
9.70137
4.78957
5.45515
2.61298
7.48208
4.67247
5.9529
1.82566
6.99601
6.03684
3.10438
5.41539
5.21084
6.04524
3.19144
2.51034
8.89004
7.44378
1.85033
9.29503
6.20003
9.86046
1.45217
5.2046
2.72417
4.73847
6.3538
6.45544
7.07378
9.10869
4.65942
6.87031
9.42963
6.14403
4.05398
2.25573
8.59612
3.02302
8.95802
1.33052
8.32264
2.2022
2.79676
6.29185
6.21145
8.11019
6.18894
2.67598
2.37408
6.34447
6.53099
1.92547
9.4397
5.50235
3.05622
1.59266
6.63407
5.80627
5.89664
5.467
4.18404
2.26821
5.91478
9.58023
9.50648
2.7102
5.40337
6.31121
1.96541
3.89513
5.13405
8.76672
6.22319
8.0268
9.10622
5.08314
6.26396
7.64197
1.91957
2.35069
8.31596
6.6708
7.91016
1.09501
8.61995
9.16559
8.85185
8.16161
4.25312
5.56775
5.37715
5.32189
6.95837
5.86333
6.73174
8.90834
4.62113
2.62714
1.45175
5.9291
5.79221
1.11104
1.22039
9.23999
4.6682
7.27434
2.10482
1.353
2.42722
4.70647
3.17413
2.94689
7.15695
2.49737
9.72518
8.39358
2.94482
4.34749
3.76289
3.76312
4.48151
7.38397
6.69194
8.25744
6.4799
3.53908
4.08464
7.88474
7.28671
4.96757
5.6183
9.51958
7.98169
4.05974
6.46146
4.12111
3.30597
2.18461
3.29208
4.57215
3.23228
6.03863
3.0084
3.36097
1.56522
8.22236
9.70008
6.25719
6.2487
1.21253
9.1357
3.31459
7.79065
7.92675
3.18615
2.52101
6.55231
9.59494
8.82567
3.5428
8.85486
8.76266
8.24856
9.98074
8.88653
4.72119
9.43672
7.42673
1.4887
8.15889
1.07952
1.00666
4.77618
6.57466
3.20647
4.6425
2.08451
9.54843
7.94062
2.16428
9.17426
3.79275
5.61018
5.99986
6.67202
6.67246
5.20825
3.46707
4.18816
5.69775
3.54156
4.44389
6.49237
5.66242
6.08425
2.20422
6.14726
5.83162
7.43789
3.30598
8.94755
5.62941
1.81225
6.67333
3.4033
7.58073
6.87368
2.29819
4.74333
4.48918
7.93858
4.87485
7.97717
1.42035
9.61819
5.00449
4.82638
9.36506
4.26897
7.11097
2.02106
7.64637
9.03705
9.68811
5.48248
6.6615
6.09281
4.75618
9.75178
2.64146
7.40443
9.13544
4.60966
8.58041
1.65921
8.49922
6.31229
2.22916
1.13891
4.02939
9.08826
2.63859
8.07095
3.20703
2.14335
5.72116
6.34212
8.99804
9.59102
2.16132
1.6013
8.81677
2.43427
2.09657
6.29895
2.45684
9.47056
5.32329
1.24207
4.03497
5.28969
7.94146
4.85343
7.27248
4.25657
9.0841
4.78888
2.92063
2.41964
9.18484
1.14055
8.59089
8.85091
5.27299
7.84338
6.40134
3.41523
3.80832
3.7513
6.56183
3.59035
8.29086
9.6991
8.35298
3.85154
5.50423
7.52216
7.21029
4.03011
5.45612
3.19907
6.27722
2.3464
3.41451
7.57962
9.84325
2.31287
2.12095
7.15748
8.93376
2.76264
5.61595
4.56453
3.87053
4.0998
7.32117
6.05498
6.79215
3.92884
2.47926
3.94327
3.56764
9.37392
9.72813
3.32618
2.16364
8.65942
4.24187
1.25831
8.28333
8.92491
5.47624
8.38749
5.19473
8.29373
6.32333
7.2408
7.51647
9.40828
2.76696
6.76907
2.39085
9.23822
2.70733
1.78466
3.07118
7.77902
7.05006
3.79438
8.4395
9.60025
2.23808
3.60895
7.88549
3.26216
4.73022
5.06573
4.13342
2.99791
9.1415
5.51263
3.03529
4.47044
7.43331
2.12541
2.74356
8.59133
6.10761
3.77726
1.9873
2.71705
3.96854
6.35245
4.75595
1.50931
9.59356
2.63003
7.85199
1.95074
8.35155
5.64232
2.92366
9.25625
7.43977
1.33025
1.5746
1.85726
4.12613
6.03939
4.52213
9.65963
5.38896
4.42446
5.9089
7.04234
7.21414
4.41919
6.49304
2.1435
4.28567
9.08434
9.31687
2.71849
6.85056
2.90273
7.67697
3.59652
8.43748
4.49906
8.09659
1.39268
6.57699
4.36028
8.27082
1.33043
1.46586
7.59359
7.84135
3.38399
4.43886
1.5529
7.5311
9.00968
4.44741
8.85123
4.11013
1.33367
3.86974
6.83107
5.51261
9.17177
5.9735
5.99974
5.98874
8.4595
1.1081
5.31037
6.16533
2.11416
2.96467
7.59351
2.2539
7.76188
1.76324
2.43703
2.52584
1.34125
9.49135
7.80562
3.29201
7.71183
1.64679
7.15463
8.61007
3.7589
7.58094
5.80649
7.54425
3.30841
6.63431
1.06682
7.46666
1.39203
7.5639
1.60694
1.64368
7.39389
1.51366
5.3248
7.25652
6.30552
5.85632
7.25443
8.61782
2.86755
2.6166
8.65517
8.49746
8.22209
9.67027
9.08155
2.8298
5.75864
7.73851
9.69924
2.7978
6.72929
2.18758
7.43861
8.41779
4.83856
2.17857
4.31297
4.96286
2.13932
2.49659
9.16979
5.02132
7.04871
6.76132
3.17665
6.74052
6.27787
1.24152
9.2709
6.77547
9.79952
8.15546
3.48579
7.57407
9.11556
9.26991
3.39083
9.10262
3.06974
3.87975
1.74907
1.33281
3.46871
8.46442
5.70724
9.07911
2.79554
4.85626
3.54855
9.38717
1.95997
1.91122
3.43353
6.98685
1.29517
9.10869
5.64363
9.23419
3.93232
2.27585
7.40353
6.10922
2.83895
5.74441
3.73732
9.62285
1.97153
5.19914
2.79768
5.72588
6.31042
6.017
2.04965
5.19096
4.43875
6.98564
2.23287
1.82419
5.55257
4.67001
3.98515
2.63198
7.62132
2.7173
6.94923
2.40076
4.05917
4.38898
3.08797
1.57069
7.3713
2.65775
5.50174
8.5203
4.71574
3.34631
1.59487
7.94153
6.29553
3.6767
9.04114
4.65103
5.427
6.02121
2.55762
4.33726
7.80062
3.7906
1.81341
6.59064
5.20953
5.02993
7.38823
2.08803
8.2771
9.11637
3.41774
7.16833
2.07968
3.53428
3.85623
2.93013
7.48061
1.65368
4.83884
9.32807
8.22779
3.1226
4.73729
7.44915
2.45117
9.10087
6.89811
5.28876
5.64872
6.15984
4.65291
1.51293
5.99998
7.55522
6.15954
9.42085
9.50094
3.09127
1.95563
6.57826
2.02043
5.71425
9.55967
4.45472
7.87853
5.09086
8.11314
2.11077
8.31168
7.4315
1.68607
9.20047
5.0234
9.06389
7.65989
6.00318
3.82229
2.63362
5.69811
6.26655
9.1194
3.77616
1.44196
1.82892
8.6383
7.81418
2.76362
5.3707
2.99643
9.84572
9.94834
7.5731
3.49839
8.30013
7.08175
6.90805
7.0841
8.94185
2.7
5.20947
8.86448
2.86709
1.58343
9.7469
8.58563
8.05909
8.05906
3.88994
7.12924
7.65743
4.95441
8.62292
1.60052
4.92383
1.71118
1.36987
1.76949
3.34448
4.894
9.90068
4.68541
3.36474
9.41572
2.4502
7.07751
6.84467
4.89116
6.83701
7.94987
7.29404
1.44886
8.7711
2.48718
1.33144
4.26485
8.12411
6.67018
8.64418
9.68589
2.08241
8.6978
7.58823
9.15322
5.6344
7.6755
9.62573
7.97788
5.80368
6.80532
6.48207
8.86756
8.32904
5.92718
6.91436
7.65962
7.357
8.98886
1.66942
8.84435
2.79832
6.08223
3.15624
4.08795
6.80298
2.85047
2.07476
1.84316
6.45818
2.26609
9.08992
3.94017
2.43748
2.46053
7.28403
2.74356
7.91299
9.6781
9.95448
1.50697
3.31532
6.86535
5.90472
8.87104
4.05969
4.82323
1.61953
2.10642
4.33796
8.76411
9.50027
1.39828
3.41009
2.83289
1.29789
4.98526
9.41254
4.59154
4.68418
6.79331
3.3634
1.57092
8.00232
9.46916
5.38019
8.79157
7.68823
2.41796
9.36436
5.11952
8.08181
8.51868
8.35973
1.736
9.6482
3.18524
2.62237
2.16366
4.31761
8.51287
6.21867
7.07921
9.69164
8.61198
1.0491
1.34741
9.62564
3.09861
6.08569
1.01693
7.47927
7.67176
8.24685
7.57993
2.43575
2.31711
8.42036
6.94859
1.4621
1.07648
2.62496
7.77556
5.32201
3.03216
3.68035
4.06951
5.18518
2.17778
1.02492
1.34187
2.85221
8.65937
3.99427
3.11203
1.94058
4.98275
8.96612
2.00947
4.78044
6.52755
6.84134
2.27931
5.18231
3.60712
8.71605
8.13407
3.83949
6.84199
9.23356
7.11421
2.86333
2.96958
3.74545
3.2557
3.28731
8.78448
9.8297
2.07686
4.50601
5.83888
6.18462
5.6973
1.75357
5.77829
1.35404
5.39005
6.28262
2.39051
5.81191
1.37267
1.28713
8.63101
6.44732
7.76482
7.94743
6.37946
8.25985
1.68562
2.28371
1.79719
5.32407
3.78965
2.49401
4.14851
5.53938
5.4719
6.33263
1.43291
6.84322
8.97935
2.59341
6.5639
7.94433
8.56356
7.07632
5.62986
5.8366
1.83138
6.61221
6.05535
5.03103
8.54739
2.92524
9.41184
2.76673
3.1475
5.89578
9.39322
1.9844
6.65732
6.54183
2.22138
9.11076
6.82158
7.25032
4.22514
5.98704
6.02464
8.67528
2.32656
3.86647
8.9961
3.42447
5.11618
6.14616
8.09438
1.12128
7.02184
3.71837
5.66362
8.46867
1.93289
6.87114
1.86259
3.14425
4.4284
6.88476
2.25788
2.36879
7.45138
2.49953
7.93661
1.21948
9.8084
3.17716
8.55844
1.89465
2.38968
7.58942
4.70169
7.46432
1.72077
9.27412
7.54876
5.70807
8.11213
8.29771
4.92216
9.71828
6.66657
7.54411
5.49125
7.98982
2.77095
8.81135
3.72514
2.55241
7.23375
8.73814
1.53064
9.06374
1.49622
6.60344
6.14062
8.60767
8.00602
2.25748
7.35386
5.77587
5.23489
5.68657
5.71256
3.77731
4.01723
1.80931
6.29057
6.97842
2.52486
2.53929
4.14641
4.2128
1.38068
8.6114
2.44462
5.13711
5.30505
3.84933
8.723
2.49027
5.6846
3.63355
5.55208
5.83862
1.86548
3.68183
2.80767
1.93777
9.63088
3.26282
5.35848
4.26908
7.35229
2.1063
2.72352
1.7042
6.31402
7.43442
5.92193
9.60659
7.20879
2.62866
2.12262
1.82035
7.61742
3.87524
4.72744
3.1454
1.82413
8.53569
8.83128
3.02219
8.45689
8.41563
6.80652
7.191
3.80239
4.55152
8.99534
7.612
1.55921
5.22713
4.43264
9.15369
1.88614
1.26261
4.45124
8.39068
7.85886
2.76456
8.35027
7.29824
5.83776
7.52023
7.69963
1.90499
3.99975
2.35543
6.62474
8.87804
6.73592
6.8718
3.02414
8.38906
9.05261
3.48105
5.69514
7.97147
8.0144
8.39239
4.15175
7.95345
5.64176
3.03783
9.40215
6.30579
4.56519
2.75649
6.80109
8.34349
3.91431
7.22032
9.06669
9.99425
3.69357
6.55235
6.44091
3.97975
1.15571
6.21168
5.72748
9.04403
7.29425
1.17995
3.72422
5.78763
3.81261
1.5174
7.24659
4.10814
9.86073
8.89711
6.09478
3.63755
4.26469
3.99036
5.90875
3.92753
1.02276
2.39284
5.03421
6.71922
1.87796
1.64804
1.77915
8.49575
7.88462
1.62081
7.83206
4.07576
3.52902
6.22655
3.80951
1.86557
2.89335
2.57608
8.64454
5.18901
5.98349
6.17094
2.27666
2.31403
7.28143
6.14024
6.60226
7.65155
2.88134
9.46274
8.02442
9.04296
9.36275
2.14859
4.21353
5.6141
8.31533
3.82856
2.75104
3.00731
2.87006
9.31332
1.1713
7.84603
9.37345
8.79501
1.15552
5.76325
5.09351
4.82387
1.35718
4.62547
5.40703
1.95008
1.71249
5.31098
9.39097
5.74497
8.65638
9.10067
8.9281
4.29943
3.94384
2.54748
9.29039
6.78301
1.72379
4.39906
9.70558
6.73342
1.86011
8.68354
1.005
6.15676
4.21145
5.33026
1.65805
7.70402
7.43133
6.43641
9.10315
9.33405
6.7592
1.34894
7.57156
4.62278
5.44268
1.22166
3.07706
3.73727
5.48582
3.11359
5.97772
2.50286
9.81101
2.84803
9.01546
8.47449
4.62592
7.6461
6.81069
6.24176
2.91598
3.18183
5.82801
1.11068
4.46248
8.50235
8.7269
4.19466
8.71816
8.80569
4.77014
7.17006
4.00147
6.52499
1.7565
4.85928
8.49512
9.18642
5.79134
6.16558
1.40346
6.85149
9.27184
1.56296
6.26217
3.03753
6.8888
4.04306
4.61304
1.93535
6.47772
8.16887
6.83606
6.77764
7.42308
2.69544
9.5367
3.91037
7.84656
9.46027
2.59067
4.36289
7.57425
8.08569
3.32304
4.32892
6.60879
9.07698
6.93929
7.79372
3.97424
9.17581
1.43041
5.66406
9.53094
4.62144
9.73186
6.85922
4.58002
7.62062
6.98154
9.46093
6.00189
9.64593
4.93119
4.62068
3.96814
8.98948
7.5896
5.12532
1.66875
6.0641
5.10712
8.57597
8.17915
1.02591
6.50199
3.73746
6.90977
1.89969
2.4887
3.9046
5.1713
8.5264
1.77136
9.01856
8.231
8.63372
5.72476
9.82955
2.84551
6.2274
7.68992
1.16148
9.91647
6.39119
3.01392
3.85715
4.3775
3.67665
3.83157
4.06794
3.11997
2.42277
3.64295
3.39883
8.63984
3.89908
7.25672
5.1147
2.63632
5.87156
4.15213
2.60975
6.48085
9.50751
5.06039
3.15231
5.4713
7.83743
6.06278
2.4919
7.40254
9.1328
7.11904
7.77783
6.2056
7.72881
3.19232
1.69484
9.79769
9.07575
5.13941
3.50167
1.05733
1.25012
4.76061
8.01622
2.2747
8.07889
4.67082
8.55376
1.99288
7.98553
5.78943
4.21803
2.54864
8.76954
9.84212
4.48897
9.57488
9.90386
7.68246
2.16633
7.03242
9.63226
5.50431
7.70022
3.45472
4.34775
8.24271
8.06231
8.66417
8.96212
7.04254
6.0696
2.3004
3.24422
6.4042
8.15808
5.31466
2.07278
5.85518
2.02426
4.55438
4.89307
1.78997
2.34194
9.59426
4.46977
1.76222
6.9205
7.41826
2.26036
9.14284
2.42298
2.12404
2.98167
5.05457
8.52776
6.60115
4.81388
7.10858
2.30401
8.53643
4.81665
7.41891
6.56999
7.56995
5.77895
1.95799
7.71034
3.07972
8.74942
1.72504
1.72831
3.31899
3.1191
6.75268
6.44826
4.98937
5.81409
7.23226
8.31374
3.84503
1.28051
5.28072
1.16416
3.9048
5.68603
9.5712
3.25568
4.7139
3.59576
7.79441
4.91743
7.788
6.70479
6.00028
5.21797
6.23466
7.02045
6.78521
9.47938
3.03949
1.07324
9.70639
7.04902
5.05607
4.6271
4.37955
8.8287
2.09962
2.08276
2.62376
9.70907
6.48811
7.89389
5.24124
8.98678
1.79778
4.72054
9.20579
6.23463
4.37875
3.79595
1.17121
6.36714
7.17556
7.8396
4.78558
2.40924
9.88503
9.55286
1.34008
2.17842
3.8886
7.44289
2.6957
7.15788
7.53299
1.70982
2.56651
8.26588
8.71804
7.69183
2.809
3.13237
2.9554
6.84803
7.31124
4.58028
5.31385
2.82069
5.79422
5.59153
4.49911
4.1749
4.04202
5.06728
4.56984
6.0529
1.83535
1.05033
8.37677
1.32639
8.83409
8.14551
4.23681
9.89274
7.26119
7.57716
9.54442
1.92953
1.78535
4.31204
1.58167
7.0463
8.87353
8.11748
2.98783
9.64818
3.85537
7.64903
9.68467
7.91879
4.46824
3.20507
3.60377
7.27691
7.77857
1.8704
1.49944
5.27119
2.71153
6.30958
6.56682
1.67567
4.50509
9.74589
7.17291
5.35569
6.56092
8.69896
2.44672
4.65938
7.80492
9.43292
5.71655
5.72226
7.51335
8.99094
8.78357
1.67456
6.66126
4.40436
9.32187
7.49441
4.37013
8.95518
7.79507
4.57286
7.9956
2.66954
8.7508
7.06362
8.32644
7.57033
1.23766
4.83792
7.76089
3.69964
6.39516
8.86294
8.34394
2.12027
3.58056
6.95869
6.47604
9.64413
9.70949
8.25729
4.79675
1.83681
9.00398
7.84288
1.86239
3.06203
5.31986
6.94963
4.68425
6.95467
8.71967
3.01825
9.55076
5.42995
9.6266
3.11415
7.43145
4.349
7.08017
7.23301
5.05515
7.94068
5.68535
5.64204
9.22446
7.4806
1.65411
2.76424
9.86225
5.54092
1.55018
4.20046
6.74522
7.4371
7.0392
1.95528
2.34092
7.4004
4.67026
1.48961
5.58137
7.10647
9.55726
5.56503
5.46487
3.9764
6.9312
4.69122
7.75839
7.06858
3.35269
4.73785
3.00437
2.61121
9.73099
4.6114
6.57894
2.11704
8.25972
8.22114
7.35042
2.50137
6.23401
5.86288
1.50899
3.94614
1.00855
2.45947
3.96507
6.73236
1.79512
5.58776
7.57179
9.42371
9.40075
5.1
7.17532
6.48151
6.17461
3.00901
3.76269
6.33781
8.8639
4.44812
3.73577
3.55553
4.46862
5.20861
9.59059
4.39513
4.85651
4.65295
6.72378
7.68012
5.47868
3.69018
5.14392
5.8706
4.68138
7.73852
8.40507
1.84549
3.91474
2.15296
1.79252
5.88016
2.88211
2.67561
3.69713
3.25255
3.88592
8.86368
3.28855
6.4806
9.11495
4.60443
3.84456
9.40741
7.68059
8.30766
4.68127
5.10492
3.59858
5.05297
3.08172
5.70677
1.36236
4.89975
9.0024
5.96248
8.54245
7.32652
9.63203
1.58569
7.5179
3.54425
8.9485
2.27578
6.65771
8.26428
5.48006
2.43323
3.60116
4.62755
8.75767
9.36091
6.62449
1.91245
7.95361
2.67033
7.35638
4.12135
2.06434
1.44646
7.36922
1.47657
4.49127
8.02772
7.30685
7.77079
1.47865
3.11328
3.23577
1.98715
4.25524
2.09247
7.66032
3.77776
2.68627
7.51704
8.87527
8.32003
3.31122
7.23112
9.64896
8.45176
1.6169
5.55265
5.85245
8.39769
2.25519
1.53367
5.73889
5.44855
4.6709
9.28211
1.12584
4.96999
2.11836
1.52997
7.26606
2.51417
8.27978
5.75735
3.11032
4.02626
6.95687
5.09768
8.48956
6.52306
9.05969
6.72456
1.80556
4.42945
2.80595
7.27786
4.78709
5.87513
9.99712
4.60683
8.31134
3.30716
8.57751
8.43378
9.361
3.97269
5.31926
9.05792
3.98557
5.71584
5.62917
9.1024
2.57261
7.82805
8.66098
7.94328
9.67241
6.65082
1.75799
1.38696
1.37052
3.74016
3.54093
3.50202
5.01065
5.19294
4.24439
4.35882
1.49324
1.61585
9.05644
2.79825
2.21038
9.03967
3.68308
5.20878
8.61862
4.39868
8.5187
3.29333
5.13558
1.00301
7.06914
1.46633
9.16811
4.5851
8.61047
5.83984
3.20728
7.95429
4.55053
9.98576
5.47775
4.02066
9.3759
9.16074
3.97271
9.86015
9.47703
4.64502
4.1296
5.48689
7.70681
2.78664
5.81487
4.50067
3.54973
9.71903
9.0949
2.05836
1.02656
9.38321
6.71091
3.51746
4.9781
9.30294
9.96732
1.32523
9.16911
1.17141
5.06438
7.15747
7.09378
8.17864
2.52103
9.23588
6.13742
7.02084
6.7879
5.55304
9.96729
3.62203
7.12953
4.06538
4.22197
8.02873
2.50689
2.48982
4.6171
3.57907
8.24922
2.62275
4.63808
7.25454
2.7377
4.96387
5.23192
9.06025
5.31995
8.83729
3.7816
3.20607
3.86773
5.20166
9.89217
7.75124
1.28128
5.26052
8.12363
5.93708
3.28592
5.41392
1.74042
5.45787
7.20324
3.08611
9.39701
2.87142
6.48438
4.73614
7.29808
7.59413
2.50243
6.57843
6.34315
2.53744
3.98165
4.29233
9.42417
4.42897
4.19915
8.9648
1.85138
8.40588
6.88876
9.0804
5.70078
2.8079
8.98765
7.36674
1.21032
7.82104
7.63096
9.52402
8.44322
6.91432
8.51585
3.42333
2.27531
8.44859
4.50405
6.23295
3.66872
8.8684
1.15643
9.35147
8.06721
1.48324
6.27055
9.9324
5.20303
1.47548
6.46529
6.84897
5.76092
2.4542
1.28747
5.15153
8.31734
9.78995
5.68474
5.43599
8.16114
1.80442
3.34542
9.84534
3.28089
4.37928
7.84964
8.49401
1.35491
9.98017
3.064
1.51492
9.1998
1.57345
9.76449
3.8098
4.33915
9.35633
7.07871
9.43512
1.96506
1.03752
7.4228
4.93731
4.64026
4.99633
9.89028
2.93027
1.90213
8.43222
4.93323
8.13072
3.66261
2.96276
8.14701
2.57753
1.32066
8.23003
2.94194
1.61342
7.87514
4.36798
1.6394
8.42326
7.88304
2.00623
5.37712
4.43519
8.05031
9.44799
3.24716
4.32228
6.44417
6.83715
3.16806
6.83433
6.10167
8.95653
8.35999
5.24152
8.07951
3.56297
5.07191
1.83997
3.41531
5.01892
6.69778
7.73111
5.04048
8.83035
7.9749
4.1018
7.18006
7.72098
2.13062
9.67284
7.2018
3.81863
3.32636
9.48914
6.21509
9.93006
8.66395
2.60047
9.03356
6.70554
1.50864
4.47137
3.39615
1.71659
7.13726
4.16553
1.26018
3.33561
4.13287
5.09321
3.18183
5.98908
5.15207
1.87966
8.767
3.85324
1.97336
7.76925
4.56647
5.50349
2.88947
5.29669
3.50125
1.29679
6.17787
3.91505
5.4186
8.05046
3.06486
7.96202
9.84614
6.11102
8.49119
2.13197
1.93943
8.5453
1.67369
5.34102
7.66682
5.9548
9.09589
7.98624
2.93239
2.96122
6.12321
3.68123
1.62233
8.39757
5.56986
4.89813
7.70367
6.41891
3.92358
5.03967
6.49912
8.99788
1.1719
9.28759
3.47595
1.7987
5.42261
9.56024
4.56799
8.30142
3.97225
5.4849
2.76668
5.9408
8.72127
3.54366
8.33854
6.01428
4.70901
9.60538
7.49993
2.93844
1.27783
7.41867
2.87145
5.33613
1.37767
1.80108
2.15378
6.57996
5.4094
6.84585
6.07703
2.46774
3.10712
6.87938
2.01964
8.3024
1.06725
3.62376
8.4859
7.1566
2.64137
6.33785
4.95556
9.94982
5.00806
3.73546
4.45725
1.98887
1.01869
3.34547
6.34015
1.53425
8.78651
5.25431
2.28125
8.09959
6.72153
8.00613
8.15508
5.89786
5.67589
6.32022
8.55994
4.79827
7.6785
6.23266
8.71197
9.68252
2.15749
3.69957
6.79191
2.92094
8.54879
9.8417
6.90234
9.97723
7.65717
8.63641
1.0588
8.0886
8.79193
2.28027
2.73432
2.93528
9.65028
8.54645
1.5584
2.87701
1.8238
7.77634
2.40583
5.49385
1.17795
1.32412
9.30022
4.53229
4.73019
4.5575
1.04664
6.58194
1.22554
9.74706
7.67647
3.91392
2.08836
7.52231
4.24808
9.54756
1.6625
8.9346
5.40299
8.97408
9.10114
3.37461
7.47061
5.50225
2.99643
2.29456
8.69942
9.1506
2.08352
5.19488
4.20704
4.05603
5.01466
4.50086
7.86043
5.74969
6.46214
8.72456
2.47697
9.26544
7.34969
1.52126
1.88575
5.30574
8.63601
6.66189
1.52325
5.99408
1.74469
7.06821
9.14398
2.89472
2.97291
8.95546
9.69084
6.60393
1.82624
7.16388
5.61877
9.35611
6.88489
3.38649
6.13888
3.64789
2.36459
2.98665
4.07284
8.0469
9.15597
6.48521
1.24919
5.50233
5.51082
2.66387
9.36937
2.53786
4.38593
8.37568
9.19434
8.48878
2.29371
4.57845
9.08625
2.099
2.94766
8.85386
4.6715
8.19526
5.93521
4.80087
5.85923
2.15704
3.66324
7.17234
5.51401
1.91634
9.44028
2.58325
9.89657
7.60575
3.5895
3.71108
6.36515
4.12012
4.17738
2.22997
4.24879
8.62795
3.0913
1.08494
3.19583
5.83727
2.60221
3.3912
6.76158
2.80057
6.55267
7.86884
1.06317
6.04014
9.23935
5.24025
6.5106
3.44718
8.51983
8.1398
1.36811
1.86162
6.41831
9.39668
5.01018
4.57225
7.2495
3.36909
1.9298
9.45369
7.05491
2.75149
6.24845
3.67276
7.838
8.62129
7.18559
2.52279
2.72706
3.38629 
