2.83465
3.06264
4.08936
6.2469
4.54486
3.05439
7.61984
4.38932
5.70282
3.19514
3.73894
1.48472
4.30839
6.70454
8.50853
8.33149
4.24504
5.02466
4.81415
6.69007
7.49852
5.69892
5.5176
1.87856
9.53792
7.99949
4.94353
9.64126
9.87795
4.75599
5.9034
9.92366
1.83754
4.28168
4.58365
1.17841
5.87806
2.68772
2.35257
9.06372
8.93061
5.79441
2.17361
4.51638
5.52971
4.05481
3.86687
5.10905
3.49624
1.25566
2.11794
4.58771
2.22837
2.42727
1.35285
4.33126
1.64564
4.29595
3.22503
7.97832
6.66957
3.8526
6.95815
2.41882
6.12882
9.24207
5.20609
8.65291
3.96203
5.37718
2.22259
5.59348
7.15769
8.11812
4.40852
5.99335
5.57351
7.9746
2.51488
9.7913
5.27945
1.34009
2.45673
7.62775
9.42955
6.36054
9.02208
2.00933
3.43826
7.52067
9.47947
8.64543
3.95213
9.07226
5.98052
3.09528
6.97701
8.91119
8.07782
6.99367
6.94927
2.57314
3.96892
3.31525
9.06196
3.69098
9.36426
4.32775
3.86185
6.61715
2.48973
6.60764
9.57967
2.9235
9.99471
9.5903
6.79192
7.2865
6.02737
2.63261
8.96388
2.2578
3.85696
2.65232
2.6575
2.0083
5.7417
4.20886
2.05516
9.37945
8.17079
3.15964
3.98988
1.76335
1.55017
2.52808
7.56671
2.72506
2.35437
5.29387
4.58045
4.13354
1.60476
6.46797
6.82636
6.90227
3.7412
3.71671
7.80755
8.43556
4.53782
9.07816
8.79473
4.14726
4.17994
7.87381
7.66071
7.91414
3.06532
6.83228
2.46501
9.1655
1.93322
3.7237
3.88105
7.9151
6.37123
1.05214
3.11821
3.93865
7.79413
6.85384
4.84137
9.45238
6.74568
2.61529
1.3863
5.31268
2.11769
3.22005
7.57366
4.20818
6.58991
7.40125
6.19084
2.27952
1.80196
5.13403
6.79741
3.18226
3.76911
2.37264
6.14408
4.17231
1.97849
7.75613
6.62883
5.28584
1.70825
4.43889
9.60693
6.74076
1.29736
7.21945
1.26747
4.75952
5.59107
6.80248
2.44267
8.55173
9.89683
2.35201
8.74267
8.8799
4.07101
8.21276
9.47855
9.30031
8.8605
4.00078
3.06598
6.67787
2.65553
2.55628
3.67114
9.98437
6.0225
6.57362
9.5246
2.43057
4.80191
6.46074
6.63451
1.25261
3.48313
1.89336
6.48133
8.71468
6.95899
4.39724
6.07724
4.03104
6.80692
1.45402
7.09803
8.04744
3.99988
1.42868
4.87204
9.70456
7.26257
7.76487
8.55153
3.04984
1.94607
7.68515
1.75782
1.76041
5.05351
2.34563
1.14557
4.63264
6.27744
7.0557
5.0647
4.68663
9.95773
6.97889
4.42509
9.20725
6.95067
2.85582
3.62978
6.48349
2.49799
2.91676
5.40992
6.66889
9.88358
5.45524
5.06141
5.51811
6.98908
5.69968
3.22978
5.02089
5.26484
5.18927
6.90553
7.02323
3.15065
1.47059
8.16338
8.61826
6.44711
7.29788
8.89901
2.97216
7.36538
5.45052
8.58349
8.6125
3.42588
1.7785
3.78234
1.54797
9.64563
3.70875
1.09877
4.47245
3.13096
3.24741
9.50476
8.01692
1.79501
1.22118
2.90109
8.90962
7.12321
5.43858
6.71621
6.01971
4.64523
9.2348
3.30631
9.62634
4.32011
1.08278
2.89193
6.29779
1.60493
1.14304
4.36452
7.22124
9.8751
2.8472
9.69334
9.97916
2.16382
8.19356
3.96419
2.3782
9.10109
7.88983
6.1831
1.28346
2.93751
5.50322
1.72058
2.8918
2.08101
3.70129
5.1539
4.86471
3.9695
5.09379
2.2604
1.91195
3.53157
2.59979
2.5674
2.67491
6.16392
2.62774
8.94154
9.47109
4.05055
9.0675
2.46977
6.57504
8.83705
4.04662
3.28974
4.45956
7.64477
9.69974
8.15351
6.16987
9.15239
5.52342
2.31917
8.31731
2.68034
7.86443
9.24287
7.80071
4.84716
6.19345
3.84109
7.183
4.67157
7.19024
6.31738
8.83011
2.95892
9.47087
6.5476
8.94012
7.72762
2.08842
2.78644
1.51075
9.75955
8.4509
4.95244
3.93511
1.2169
9.42406
9.51256
3.77976
5.00466
3.43327
1.9491
4.43885
4.59352
3.77082
6.44736
8.63738
8.16663
1.82123
6.78963
4.49279
4.69838
6.58968
1.61802
1.88626
7.50854
9.79526
5.13533
1.12628
8.23618
2.90088
7.50076
6.26849
2.98113
9.78239
6.73671
7.23064
8.8299
7.19671
7.361
8.9361
7.94825
1.30512
8.13856
7.28518
2.627
7.40016
6.43335
7.16795
4.94434
3.23043
5.02914
8.66547
2.22404
4.13645
6.76449
7.17937
1.40691
3.56927
9.17732
2.22537
6.20352
4.83592
3.36972
4.10159
6.81259
4.83961
1.50418
8.03546
1.73575
3.95597
3.85793
2.97558
2.11702
5.9715
4.60768
7.65393
8.77909
8.35319
3.91057
8.00005
4.42382
6.65445
9.89031
5.23363
7.1553
9.70161
3.12525
3.00247
2.68184
7.28681
6.00608
8.85529
1.78013
8.592
3.12385
7.98855
9.46893
9.2094 
