0.290262
0.947643
0.776895
0.48312
0.659265
0.0115424
0.222758
0.876008
0.52247
0.260225
0.00150045
0.441643
0.941976
0.324557
0.478453
0.255499
0.300832
0.0577417
0.949199
0.273819
0.843752
0.23115
0.739519
0.585784
0.0871426
0.959276
0.881013
0.486718
0.61555
0.747178
0.815871
0.905812
0.694821
0.592766
0.388933
0.354086
0.604309
0.611691
0.230093
0.126779
0.871916
0.231594
0.568422
0.813892
0.556151
0.0468745
0.069391
0.856983
0.104616
0.0185898
0.130801
0.948368
0.24974
0.87032
0.534152
0.336882
0.829596
0.415165
0.823601
0.445146
0.162343
0.639472
0.350958
0.857163
0.232238
0.739891
0.211249
0.836547
0.351582
0.441342
0.963326
0.223498
0.672936
0.531747
0.0373896
0.229087
0.578622
0.106781
0.0860698
0.683238
0.12537
0.216871
0.631606
0.37511
0.0871911
0.165759
0.711993
0.916787
0.580924
0.535593
0.361933
0.743267
0.175065
0.712891
0.60043
0.407303
0.452782
0.811679
0.24385
0.804364
0.253022
0.207176
0.0278619
0.925958
0.738923
0.0652515
0.155045
0.317545
0.172032
0.241115
0.000783504
0.297403
0.457986
0.63239
0.672513
0.545177
0.798148
0.384506
0.461964
0.379072
0.920099
0.823897
0.122339
0.0951642
0.536788
0.722769
0.502468
0.98957
0.534448
0.746318
0.793934
0.78747
0.953494
0.821796
0.713428
0.692417
0.887047
0.868473
0.00996224
0.0590793
0.109588
0.0107457
0.356482
0.567574
0.643135
0.0289951
0.112751
0.441284
0.413501
0.574714
0.820356
0.3336
0.398611
0.942694
0.428764
0.935399
0.665463
0.931232
0.924969
0.199911
0.677549
0.718902
0.987381
0.631043
0.540698
0.700808
0.32346
0.427745
0.569281
0.333422
0.486824
0.678869
0.344168
0.843306
0.246442
0.987303
0.872301
0.359193
0.428587
0.285802
0.933908
0.248942
0.619402
0.332519
0.191637
0.048166
0.267918
0.8571
0.979398
0.192886
0.0570107
0.656947
0.911788
0.0443913
0.28799
0.452486
0.745199
0.61145
0.880231
0.31448
0.944872
0.367055
0.993349
0.28904
0.210361
0.239791
0.276343
0.0826626
0.598985
0.70493
0.368465
0.532892
0.953873
0.987867
0.865411
0.145509
0.0360326
0.133328
0.00260909
0.0154303
0.326215
0.0596198
0.672377
0.238003
0.104011
0.960367
0.690489
0.84921
0.571817
0.57072
0.163691
0.516689
0.937775
0.15704
0.805729
0.148136
0.396831
0.0820726
0.230798
0.995816
0.787003
0.599263
0.528708
0.740876
0.58713
0.394119
0.886385
0.623162
0.527447
0.888994
0.638593
0.853662
0.948614
0.31097
0.0916647
0.0526249
0.271337
0.782153
0.901835
0.843154
0.352873
0.0655261
0.359844
0.290648
0.222566
0.165573
0.438784
0.619397
0.247646
0.669582
0.615213
0.0346486
0.268845
0.143921
0.775524
0.855975
0.53804
0.661909
0.479137
0.0654873
0.550903
0.11773
0.919149
0.499517
0.4287
0.010814
0.552142
0.700037
0.792967
0.453977
0.543192
0.14584
0.519504
0.903036
0.436488
0.742069
0.0686088
0.875272
0.361467
0.316254
0.544854
0.976679
0.350903
0.813699
0.1206
0.126427
0.669674
0.65864
0.788336
0.148812
0.724127
0.339239
0.266542
0.643277
0.838757
0.695242
0.654091
0.390899
0.395279
0.447058
0.844876
0.938471
0.592898
0.364379
0.841507
0.0293867
0.106449
0.910116
0.904658
0.467915
0.22637
0.449512
0.444595
0.577273
0.263211
0.565195
0.7037
0.932886
0.223835
0.492037
0.0816974
0.947963
0.831276
0.348239
0.591239
0.670033
0.0434812
0.24533
0.0609314
0.438761
0.692388
0.905807
0.377232
0.285287
0.270187
0.218739
0.314673
0.376636
0.128855
0.219332
0.844551
0.355226
0.668844
0.289146
0.932499
0.932055
0.854341
0.636199
0.864941
0.0781762
0.128236
0.946639
0.0261389
0.959512
0.294878
0.617378
0.629545
0.338359
0.862708
0.690477
0.77712
0.555096
0.596284
0.154352
0.840383
0.866471
0.373091
0.155056
0.243106
0.501946
0.374388
0.0876574
0.857172
0.0432314
0.376803
0.789671
0.975287
0.231144
0.42587
0.840228
0.309321
0.554106
0.786867
0.335459
0.513618
0.0817444
0.952838
0.143164
0.420103
0.815546
0.83364
0.197223
0.370642
0.429924
0.351575
0.211025
0.296395
0.724666
0.366081
0.539501
0.226613
0.740468
0.627158
0.0837845
0.783699
0.00396166
0.873455
0.758986
0.235106
0.299325
0.599214
0.544427
0.853431
0.386081
0.879886
0.36705
0.467825
0.832723
0.510213
0.887929
0.648269
0.343854
0.0851521
0.0189113
0.773777
0.436727
0.229936
0.070172
0.161393
0.596016
0.609673
0.388006
0.336485
0.236831
0.471791
0.120184
0.240793
0.345246
0.87917
0.475899
0.644571
0.478385
0.0203254
0.498002
0.864466
0.900211
0.865052
0.332291
0.732935
0.375266
0.22022
0.381204
0.719119
0.305372
0.400115
0.492897
0.742099
0.630051
0.563069
0.903493
0.226068
0.172742
0.291499
0.562552
0.409573
0.76329
0.682736
0.650366
0.108535
0.561907
0.126265
0.753106
0.0402914
0.14659
0.251109
0.904757
0.0468014
0.116161
0.237048
0.779736
0.491426
0.457269
0.16094
0.210546
0.762641
0.561056
0.703442
0.50474
0.191107
0.266511
0.408233
0.417175
0.439252
0.699732
0.979727
0.848825
0.463022
0.662463
0.499191
0.571557
0.22437
0.625455
0.324663
0.264661
0.772046
0.575772
0.169419
0.818847
0.691933
0.406467
0.598583
0.183359
0.863735
0.759523
0.393905
0.626376
0.320579
0.0973469
0.131116
0.511686
0.363858
0.539349
0.928861
0.80311
0.239081
0.908588
0.651935
0.702103
0.571052
0.151126
0.27366
0.795422
0.776582
0.598323
0.0600832
0.548627
0.174095
0.229502
0.367474
0.866027
0.635969
0.966057
0.0493865
0.499704
0.725581
0.443291
0.12608
0.0461597
0.540638
0.257197
0.557846
0.904496
0.796546
0.486707
0.707606
0.0356277
0.395295
0.359541
0.737731
0.966347
0.510667
0.0113905
0.761769
0.287249
0.609713
0.821852
0.835876
0.783808
0.0513538
0.20335
0.649836
0.687323
0.169407
0.699222
0.187027
0.894988
0.142513
0.313107
0.941148
0.683151
0.570304
0.498994
0.587647
0.36685
0.985701
0.295253
0.402478
0.380996
0.654794
0.140209
0.347343
0.165462
0.151599
0.109112
0.452711
0.761313
0.930964
0.288587
0.545121
0.982317
0.491937
0.194956
0.66964
0.661345
0.894179
0.856667
0.556333
0.0366918
0.169774
0.497481
0.719843
0.740079
0.996474
0.307491
0.106929
0.982175
0.602744
0.509407
0.363171
0.257538
0.649616
0.710514
0.423
0.801215
0.819625
0.875711
0.562528
0.750589
0.164298
0.107649
0.732907
0.656235
0.302605
0.402547
0.31758
0.196783
0.259214
0.873913
0.233475
0.428988
0.371393
0.953319
0.169066
0.367867
0.260809
0.275995
0.350042
0.863553
0.785402
0.713213
0.121092
0.435018
0.423727
0.544092
0.236233
0.243353
0.419803
0.798761
0.993942
0.5841
0.906409
0.726848
0.240335
0.209014
0.129395
0.557915
0.405798
0.388608
0.431828
0.639273
0.817596
0.803221
0.592592
0.986663
0.171088
0.853401
0.262658
0.521131
0.716954
0.0480603
0.234344
0.838046
0.483078
0.658071
0.382138
0.719312
0.901424
0.80194
0.518073
0.895366
0.38604
0.424482
0.622214
0.626376
0.633496
0.751609
0.184291
0.0392942
0.140217
0.616119
0.678567
0.957814
0.41934
0.271159
0.944476
0.590428
0.12456
0.207134
0.111559
0.841515
0.255194
0.345903
0.67956
0.738273
0.00397467
0.061698
0.457584
0.905399
0.863638
0.975657
0.800765
0.249678
0.400139
0.422979
0.876054
0.0336354
0.174588
0.0603454
0.0729296
0.314805
0.676464
0.751497
0.272619
0.0958043
0.0226562
0.217095
0.686233
0.147217
0.424229
0.797792
0.988731
0.679423
0.143695
0.668292
0.417696
0.14767
0.72999
0.87528
0.0530685
0.593628
0.850937
0.853833
0.843306
0.251076
0.276812
0.719361
0.284712
0.4514
0.779706
0.357641
0.766205
0.45617
0.109138
0.0388233
0.551975
0.131794
0.255918
0.238207
0.279011
0.680147
0.0359991
0.267742
0.35957
0.179694
0.936034
0.777266
0.327364
0.666023
0.652546
0.380432
0.259651
0.503483
0.234266
0.102957
0.75456
0.511077
0.822318
0.0392712
0.962477
0.602024
0.396912
0.728682
0.0581941
0.506051
0.767505
0.610169
0.637845
0.0234233
0.848376
0.916856
0.70357
0.884375
0.184598
0.0631401
0.0640696
0.120632
0.840406
0.391434
0.786655
0.492952
0.771866
0.0463061
0.996435
0.00613151
0.149263
0.750995
0.517209
0.971581
0.790266
0.479686
0.573605
0.187179
0.208368
0.631799
0.693229
0.975873
0.241968
0.331074
0.999296
0.0903441
0.24793
0.702866
0.974719
0.432528
0.766007
0.038789
0.55316
0.606412
0.430223
0.339815
0.0993644
0.202088
0.386121
0.0957998
0.20822
0.535385
0.846795
0.725429
0.506966
0.637061
0.205115
0.0805709
0.82424
0.413483
0.71237
0.517469
0.389356
0.954338
0.848544
0.388653
0.044682
0.0964739
0.091519
0.0194015
0.529002
0.857526
0.0581905
0.0821624
0.463938
0.488413
0.421978
0.563303
0.690502
0.808099
0.659102
0.898722
0.343484
0.505897
0.62415
0.85045
0.142958
0.829265
0.931021
0.967198
0.242748
0.643391
0.484667
0.632105
0.597728
0.333211
0.0207572
0.64241
0.429684
0.112276
0.661812
0.958687
0.969802
0.720002
0.0408491
0.43374
0.208415
0.462827
0.997042
0.898917
0.270926
0.656145
0.797638
0.61441
0.162042
0.421789
0.464859
0.305
0.251054
0.39588
0.272198
0.493803
0.0392704
0.756865
0.125908
0.636999
0.0900756
0.146665
0.279409
0.51976
0.258941
0.941221
0.478447
0.228743
0.661224
0.519296
0.662483
0.869639
0.982122
0.659525
0.768556
0.253048
0.31567
0.566195
0.867458
0.477711
0.987984
0.332317
0.782711
0.239038
0.728197
0.0549093
0.732841
0.767467
0.811774
0.858748
0.404466
0.90185
0.00541311
0.683876
0.42161
0.264354
0.625097
0.900057
0.493097
0.28632
0.419352
0.155579
0.15596
0.401475
0.815104
0.924516
0.654523
0.130774
0.49071
0.521981
0.608485
0.478694
0.854298
0.391197
0.717732
0.582494
0.446106
0.450573
0.349962
0.25788
0.309321
0.754428
0.15973
0.314734
0.438303
0.58134
0.579088
0.0634
0.481397
0.0721851
0.34972
0.900749
0.227764
0.50568
0.302224
0.0428685
0.430196
0.956747
0.173642
0.920906
0.478728
0.782128
0.3996
0.333025
0.173324
0.117332
0.91552
0.61943
0.567905
0.265481
0.87731
0.877226
0.019909
0.0370406
0.191961
0.458212
0.618381
0.771049
0.521612
0.0997772
0.843234
0.871333
0.000526085
0.0709986
0.377013
0.30275
0.113867
0.807209
0.259497
0.28751
0.728115
0.738224
0.0696372
0.127716
0.0712493
0.242961
0.245048
0.986769
0.862392
0.812953
0.25225
0.739702
0.69018
0.272159
0.776743
0.882141
0.730372
0.395123
0.65319
0.251984
0.4949
0.496424
0.123317
0.495427
0.567423
0.50033
0.798176
0.68129
0.307538
0.0576729
0.9688
0.0356537
0.795897
0.0384368
0.163369
0.867146
0.281398
0.408417
0.853915
0.14379
0.221371
0.106166
0.883492
0.911551
0.378325
0.660235
0.793691
0.108696
0.0553578
0.446881
0.36068
0.550258
0.943305
0.483997
0.0456847
0.510728
0.984326
0.843861
0.192018
0.291865
0.901534
0.160818
0.327519
0.697431
0.199255
0.490888
0.564578
0.480653
0.899305
0.418493
0.624443
0.120676
0.524659
0.507935
0.0322265
0.902983
0.168169
0.825918
0.0116799
0.223527
0.272799
0.37236
0.773785
0.216104
0.856357
0.81947
0.726832
0.840684
0.663331
0.91885
0.132549
0.564865
0.0796679
0.460067
0.262296
0.278922
0.950955
0.826874
0.759575
0.85026
0.245366
0.384018
0.970936
0.770025
0.891953
0.00316276
0.673008
0.0601217
0.82908
0.684688
0.283649
0.101879
0.0570486
0.0574339
0.317983
0.913406
0.876904
0.0448151
0.754089
0.540235
0.963665
0.886638
0.1051
0.0433332
0.346705
0.367396
0.322256
0.29766
0.19427
0.081831
0.14792
0.439636
0.465849
0.118857
0.209661
0.357801
0.122019
0.88267
0.417923
0.9511
0.567358
0.701572
0.0529788
0.624406
0.759006
0.370962
0.537812
0.63591
0.415777
0.291902
0.176144
0.379442
0.178539
0.281244
0.422775
0.525245
0.64864
0.745031
0.822905
0.84291
0.826862
0.970825
0.282546
0.292711
0.0896813
0.492207
0.650513
0.211701
0.374876
0.0684357
0.1628
0.942234
0.770007
0.215779
0.566641
0.529013
0.586741
0.104453
0.164923
0.00251781
0.396354
0.341067
0.38196
0.574894
0.622311
0.804736
0.100138
0.270951
0.549767
0.923043
0.113861
0.376629
0.893868
0.396407
0.66934
0.983549
0.888614
0.319853
0.195249
0.26349
0.388288
0.35805
0.205724
0.158296
0.573829
0.772365
0.687309
0.16057
0.876817
0.852232
0.163087
0.273172
0.193299
0.545047
0.848065
0.81561
0.349783
0.948203
0.0865613
0.89955
0.871246
0.200422
0.276179
0.765114
0.596829
0.945519
0.748663
0.485443
0.265371
0.943912
0.748933
0.65366
0.301962
0.954657
0.811955
0.87579
0.727022
0.499264
0.03636
0.603839
0.351496
0.199447
0.877011
0.544794
0.744495
0.725076
0.360404
0.0942778
0.673279
0.446965
0.993827
0.544526
0.647388
0.270006
0.309639
0.244217
0.215525
0.0583019
0.72966
0.480896
0.00221389
0.478593
0.134556
0.304176
0.43325
0.946511
0.179966
0.160272
0.445775
0.216326
0.764111
0.797271
0.415773
0.641122
0.342065
0.160268
0.366198
0.702469
0.254546
0.0394769
0.149435
0.248373
0.584002
0.796823
0.518379
0.893642
0.0410397
0.733904
0.951944
0.7707
0.2148
0.954158
0.249293
0.349356
0.258333
0.682543
0.295867
0.438299
0.842815
0.741642
0.654625
0.606926
0.538913
0.0703982
0.248047
0.880979
0.230666
0.614245
0.583448
0.485212
0.653722
0.732883
0.733585
0.237724
0.529705
0.251965
0.131366
0.570745
0.985869
0.0833096
0.341445
0.200669
0.0374672
0.590737
0.550026
0.2958
0.27328
0.845893
0.734099
0.116095
0.587535
0.388724
0.72302
0.126449
0.459123
0.971068
0.00742718
0.689789
0.585313
0.590875
0.175001
0.239034
0.323758
0.908586
0.476758
0.853463
0.160551
0.608124
0.424208
0.14642
0.691434
0.765652
0.34709
0.728901
0.35639
0.897115
0.0247015
0.62967
0.743008
0.758801
0.745765
0.330544
0.147525
0.468785
0.456992
0.606648
0.439853
0.464419
0.296437
0.0251657
0.0552944
0.471438
0.2642
0.379052
0.380024
0.740958
0.232515
0.540575
0.349083
0.656723
0.686995
0.0405167
0.422375
0.0340848
0.769418
0.778765
0.9312
0.794119
0.408435
0.674208
0.55292
0.154199
0.00475185
0.700445
0.622985
0.461744
0.307093
0.0628378
0.926163
0.60353
0.0880035
0.981458
0.0749676
0.352203
0.36051
0.454992
0.0931618
0.593025
0.995567
0.442245
0.249748
0.682562
0.482761
0.672123
0.716647
0.252179
0.450888
0.647847
0.0462983
0.859322
0.322055
0.599218
0.0135218
0.326807
0.299664
0.636507
0.788551
0.606757
0.699344
0.714714
0.210287
0.787348
0.696172
0.285255
0.139551
0.0566819
0.740246
0.232713
0.649707
0.735813
0.674958
0.899454
0.418375
0.157719
0.571577
0.135021
0.409898
0.0224645
0.782868
0.456196
0.881787
0.104923
0.0554148
0.895309
0.43173
0.355079
0.531815
0.220281
0.961836
0.23116
0.934996
0.172123
0.0185076
0.631168
0.457377
0.158059
0.68785
0.197624
0.390772
0.337556
0.933437
0.06573
0.237011
0.351811
0.223449
0.808588
0.486833
0.633347
0.831052
0.269701
0.0895434
0.712839
0.374624
0.144958
0.608148
0.806355
0.500037
0.139963
0.0266358
0.461872
0.371123
0.961631
0.633995
0.38963
0.592799
0.0913725
0.547689
0.280649
0.288996
0.938461
0.618205
0.222433
0.00419148
0.855216
0.574244
0.22764
0.663803
0.0610765
0.860988
0.494855
0.330777
0.950531
0.207694
0.705402
0.0954891
0.815842
0.511756
0.595526
0.955805
0.538392
0.0573984
0.326927
0.500023
0.691394
0.716557
0.0928225
0.782766
0.264246
0.373471
0.0717622
0.202708
0.991676
0.294195
0.206899
0.846892
0.868439
0.43454
0.510695
0.929515
0.295527
0.00555016
0.260293
0.246058
0.213244
0.965694
0.341548
0.0290859
0.47745
0.937073
0.98489
0.015842
0.994472
0.311818
0.515865
0.685865
0.0283748
0.608688
0.468631
0.292621
0.982159
0.540394
0.495329
0.973835
0.834588
0.702229
0.820727
0.703027
0.136769
0.331422
0.632542
0.432296
0.336972
0.892835
0.678354
0.550216
0.858529
0.019902
0.579302
0.335979
0.956975
0.564193
0.351821
0.951447
0.87601
0.867686
0.637313
0.904385
0.476374
0.105944
0.197007
0.458533
0.646338
0.692336
0.432368
0.480926
0.394564
0.253095
0.183953
0.531333
0.584517
0.816495
0.963629
0.921489
0.70933
0.641984
0.471706
0.567859
0.661885
0.0510084
0.903838
0.618861
0.615201
0.255659
0.570308
0.491212
0.123345
0.207621
0.395597
0.599719
0.313565
0.592603
0.0582517
0.959903
0.284939
0.49062
0.440829
0.679504
0.743715
0.624782
0.210837
0.328232
0.441277
0.174466
0.249722
0.150607
0.816449
0.721428
0.718466
0.478335
0.772436
0.622304
0.0971957
0.387637
0.877963
0.667504
0.878849
0.0013075
0.875125
0.274446
0.601026
0.18869
0.86705
0.659278
0.148592
0.151989
0.149898
0.589421
0.831492
0.893613
0.214203
0.042329
0.221845
0.65548
0.216795
0.471567
0.806087
0.033244
0.192995
0.524553
0.511579
0.965431
0.146857
0.608774
0.353068
0.0248195
0.276278
0.231917
0.026127
0.151403
0.506363
0.627153
0.340092
0.373413
0.286431
0.488685
0.525402
0.436329
0.0781055
0.356894
0.329942
0.292308
0.399223
0.551787
0.947788
0.616018
0.0233542
0.753875
0.649262
0.216349
0.278428
0.16084
0.18178
0.425285
0.769615
0.534848
0.450104
0.0458931
0.766765
0.476231
0.197296
0.273128
0.103384
0.537389
0.646541
0.389816
0.0260732
0.171943
0.826145
0.104179
0.528837
0.156087
0.396487
0.92806
0.707874
0.344275
0.544077
0.731229
0.0981494
0.193339
0.947577
0.376577
0.354179
0.129357
0.801862
0.123794
0.664205
0.251966
0.169687
0.43097
0.728197
0.366983
0.704098
0.831582
0.904372
0.35064
0.221397
0.930445
0.522582
0.0475424
0.0346236
0.0514189
0.20363
0.43111
0.979478
0.911504
0.775385
0.523556
0.642733
0.873534
0.716895
0.59031
0.250112
0.071074
0.719667
0.0519736
0.194868
0.383872
0.30394
0.364555
0.814842
0.0321369
0.731539
0.51894
0.863719
0.63591
0.86958
0.0851159
0.566355
0.392162
0.132658
0.600979
0.443581
0.336288
0.0320894
0.42306
0.247792
0.807474
0.946615
0.890525
0.681009
0.66351
0.480835
0.931121
0.734584
0.200502
0.983094
0.929452
0.584374
0.287034
0.294007
0.399216
0.319171
0.0255461
0.918156
0.182889
0.661457
0.787736
0.268005
0.227812
0.179898
0.400663
0.828791
0.623479
0.736951
0.86088
0.0465391
0.984743
0.668355
0.993154
0.875268
0.349364
0.656664
0.356103
0.280484
0.391248
0.556604
0.263579
0.320701
0.140978
0.550612
0.614708
0.540194
0.869783
0.640254
0.458351
0.0526723
0.301711
0.246087
0.320677
0.529523
0.425985
0.721341
0.358314
0.0494646
0.458292
0.219194
0.0960036
0.443036
0.887549
0.0891581
0.318304
0.236913
0.745822
0.674406
0.517397
0.137071
0.231011
0.780976
0.457771
0.371989
0.331588
0.0724794
0.912184
0.201371
0.712734
0.370534
0.254043
0.0144442
0.616621
0.574721
0.543967
0.042606
0.296062
0.902281
0.0920706
0.754354
0.121475
0.188074
0.19739
0.00902375
0.277232
0.515694
0.245937
0.0230548
0.1901
0.763334
0.160126
0.421111
0.544309
0.617897
0.7931
0.875897
0.690377
0.705283
0.077268
0.40311
0.0758175
0.331311
0.417554
0.692438
0.906032
0.961521
0.735044
0.202094
0.863802
0.827115
0.956448
0.985277
0.0151893
0.153838
0.9943
0.292422
0.669531
0.240237
0.315476
0.859631
0.00357044
0.475602
0.280742
0.54788
0.0934993
0.0738419
0.423777
0.783876
0.779125
0.501045
0.186986
0.854943
0.832356
0.60454
0.547381
0.738388
0.566062
0.282426
0.940482
0.429863
0.109541
0.89693
0.41514
0.12473
0.0507673
0.40944
0.417152
0.720299
0.649677
0.732628
0.57993
0.653248
0.20823
0.860672
0.201127
0.30173
0.934514
0.624904
0.0856054
0.713639
0.125949
0.272591
0.568582
0.958304
0.877132
0.115963
0.696692
0.443193
0.398389
0.637174
0.873057
0.507929
0.534104
0.288197
0.632659
0.584871
0.697637
0.0498109
0.30517
0.347315
0.782439
0.8851
0.000562213
0.990669
0.745772
0.201689
0.292399
0.680286
0.826593
0.378004
0.393925
0.952542
0.650596
0.962506
0.910846
0.527727
0.0784696
0.607539
0.970921
0.476858
0.244713
0.843978
0.984787
0.778817
0.132174
0.617447
0.363688
0.829812
0.667258
0.668858
0.177126
0.449697
0.553957
0.177688
0.440366
0.299729
0.379378
0.732764
0.980015
0.205971
0.110768
0.373939
0.158513
0.761364
0.336446
0.0693597
0.289091
0.414915
0.676899
0.260012
0.891773
0.921612
0.10399
0.876561
0.700429
0.236164
0.494008
0.0641166
0.0659757
0.161265
0.732974
0.243102
0.610962
0.286932
0.42079
0.0513274
0.586661
0.800168
0.784092
0.566675
0.00613917
0.89486
0.940614
0.164652
0.656224
0.27706
0.234012
0.945316
0.691975
0.910911
0.205328
0.583749
0.832522
0.309317
0.46031
0.532951
0.545481
0.954317
0.597068
0.611457
0.115582
0.330042
0.854559
0.726544
0.616974
0.275349
0.777871
0.203634
0.0755169
0.561963
0.77031
0.0816561
0.456823
0.710924
0.246308
0.113047
0.987984
0.480321
0.058363
0.679959
0.391231
0.263691
0.263708
0.223754
0.573008
0.724017
0.756705
0.11849
0.678334
0.353772
0.729947
0.793917
0.683814
0.584506
0.520461
0.300788
0.859855
0.298332
0.504422
0.935372
0.860295
0.274731
0.0170277
0.317118
0.985655
0.263336
0.430166
0.973639
0.743657
0.488529
0.653598
0.134888
0.75222
0.917306
0.358642
0.325228
0.641323
0.115346
0.443718
0.319658
0.469118
0.173665
0.113575
0.152932
0.75817
0.634035
0.45372
0.618025
0.932368
0.958142
0.553396
0.792663
0.232873
0.570424
0.109781
0.218529
0.83376
0.539947
0.192168
0.577417
0.0284763
0.845766
0.712305
0.780696
0.763072
0.0709464
0.105924
0.404396
0.186293
0.549642
0.724054
0.655411
0.723306
0.837628
0.808343
0.481477
0.471664
0.262063
0.0995014
0.404031
0.220205
0.652898
0.196694
0.453079
0.223322
0.306476
0.671607
0.0570824
0.846423
0.863775
0.634499
0.874899
0.709542
0.346804
0.655595
0.472614
0.417751
0.761519
0.87701
0.604043
0.311161
0.601063
0.259454
0.0344674
0.438692
0.0677974
0.515944
0.910356
0.329861
0.615445
0.314387
0.550066
0.268343
0.511081
0.00314509
0.491665
0.817557
0.674753
0.548748
0.663979
0.538528
0.183247
0.538878
0.24807
0.530051
0.194474
0.720684
0.947802
0.955993
0.597693
0.551845
0.267154
0.198757
0.811299
0.301621
0.637449
0.879097
0.817565
0.547804
0.208957
0.433011
0.862191
0.759024
0.701354
0.373272
0.762169
0.193019
0.190828
0.436921
0.741767
0.854808
0.975449
0.925014
0.393686
0.223519
0.455065
0.58816
0.944202
0.402867
0.544153
0.541896
0.954712
0.811307
0.740652
0.766011
0.112928
0.378101
0.645107
0.930494
0.925905
0.854065
0.363504
0.788096
0.613089
0.0648582
0.161368
0.375257
0.257877
0.352197
0.812179
0.999644
0.207004
0.787628
0.924657
0.600691
0.0111468
0.379722
0.188851
0.955349
0.782589
0.733004
0.497245
0.7373
0.544311
0.237897
0.503311
0.657239
0.615998
0.148419
0.587733
0.541903
0.00248348
0.951237
0.33
0.615572
0.0160954
0.491368
0.990829
0.273973
0.843565
0.803008
0.273617
0.0505691
0.590636
0.198274
0.65126
0.601783
0.577996
0.84011
0.557132
0.360585
0.573114
0.0543764
0.0978855
0.117425
0.292273
0.601197
0.774664
0.908272
0.749615
0.362396
0.450175
0.752099
0.313633
0.780175
0.367671
0.329729
0.271543
0.3585
0.603702
0.115107
0.161508
0.877318
0.165676
0.752144
0.0755921
0.816936
0.353927
0.653588
0.657046
0.911059
0.0141733
0.230161
0.965435
0.112059
0.347585
0.257709
0.713255
0.122249
0.16598
0.462871
0.484645
0.616155
0.21497
0.798278
0.39633
0.582641
0.128007
0.667872
0.941141
0.731709
0.782979
0.102649
0.609027
0.948656
0.854793
0.684619
0.765592
0.20872
0.338207
0.422638
0.119779
0.35238
0.652799
0.0852138
0.464439
0.000383668
0.342922
0.177695
0.122632
0.508902
0.640566
0.607277
0.125058
0.855535
0.405556
0.521387
0.438176
0.533563
0.18926
0.379317
0.265271
0.972239
0.481966
0.874298
0.920895
0.336759
0.558917
0.686486
0.545479
0.897124
0.109124
0.665258
0.249505
0.761923
0.750471
0.713944
0.762306
0.0933936
0.891638
0.884939
0.602296
0.532204
0.492216
0.727354
0.387739
0.897771
0.248741
0.825915
0.431334
0.438001
0.205232
0.696606
0.41024
0.687197
0.570904
0.331134
0.023956
0.129821
0.0176203
0.569435
0.0269449
0.126744
0.234692
0.27645
0.888667
0.985164
0.990393
0.650974
0.0785573
0.882032
0.535912
0.680853
0.414236
0.0281283
0.408207
0.801975
0.9259
0.656948
0.62789
0.357234
0.0949486
0.833121
0.0538396
0.505188
0.520318
0.624743
0.836322
0.544274
0.754564
0.853943
0.113709
0.781509
0.980687
0.348401
0.0579587
0.869354
0.333565
0.0483519
0.520328
0.412122
0.930384
0.0562402
0.0929757
0.344619
0.0843685
0.501183
0.146594
0.0102682
0.158131
0.774484
0.367502
0.253079
0.607605
0.421342
0.758267
0.127923
0.0460853
0.59459
0.672198
0.80065
0.448532
0.785907
0.582159
0.429219
0.134308
0.640117
0.298574
0.467873
0.688469
0.818901
0.879996
0.618853
0.875142
0.972971
0.963472
0.95951
0.474154
0.110066
0.969778
0.632285
0.884549
0.337281
0.885364
0.492154
0.758622
0.643631
0.620077
0.804708
0.238221
0.292275
0.605357
0.686753
0.0781815
0.187516
0.115973
0.21249
0.827633
0.414546
0.680363
0.516102
0.233448
0.560359
0.134955
0.108589
0.53333
0.0984275
0.0680995
0.00748365
0.208493
0.0378778
0.639768
0.0930428
0.375158
0.525132
0.585197
0.133781
0.168763
0.205274
0.938488
0.406984
0.497549
0.543846
0.0937375
0.575731
0.731362
0.20971
0.78822
0.558995
0.624256
0.468583
0.0750973
0.857704
0.0289417
0.210053
0.966293
0.562271
0.30848
0.0343928
0.569755
0.516974
0.0722707
0.209523
0.610016
0.447429
0.734655
0.195213
0.58121
0.903419
0.400487
0.519698
0.310403
0.898036
0.063544
0.40414
0.473767
0.794906
0.61385
0.261987
0.3539
0.238107
0.73057
0.428998
0.0958108
0.759512
0.63905
0.0621042
0.321783
0.94753
0.0964971
0.891539
0.464504
0.168768
0.101062
0.0745203
0.616197
0.835717
0.269733
0.197407
0.739136
0.670221
0.717105
0.0495386
0.568257
0.780649
0.453679
0.0420243
0.575554
0.0675294
0.304011
0.929455
0.305636
0.0345818
0.358452
0.401447
0.794094
0.997502
0.463551
0.115877
0.945033
0.560048
0.00741573
0.409537
0.728816
0.108477
0.484057
0.345013
0.944195
0.753791
0.542419
0.68333
0.424011
0.259524
0.732869
0.992269
0.0401731
0.186548
0.0342931
0.615727
0.254077
0.338305
0.545182
0.559714
0.372886
0.903634
0.961161
0.16698
0.901137
0.424712
0.282857
0.84617
0.98476
0.290273
0.255707
0.713576
0.398751
0.739764
0.058589
0.342945
0.493554
0.601008
0.0262755
0.917566
0.860533
0.759144
0.909834
0.900706
0.945692
0.944128
0.516433
0.19977
0.282432
0.0616153
0.759483
0.655318
0.96525
0.720644
0.822299
0.866387
0.145356
0.105156
0.712556
0.130116
0.395429
0.968263
0.843692
0.79418
0.708027
0.902281
0.137125
0.201581
0.503289
0.163401
0.119146
0.363822
0.922545
0.0289809
0.264528
0.868237
0.973108
0.780961
0.0680068
0.25554
0.842576
0.82749
0.910859
0.807826
0.548133
0.733157
0.674213
0.693489
0.838313
0.386769
0.823605
0.233743
0.355032
0.667297
0.0279224
0.0630585
0.569578
0.165047
0.264639
0.0728672
0.328448
0.383786
0.436689
0.250993
0.412766
0.701217
0.11923
0.385875
0.482178
0.187237
0.641415
0.324754
0.014727
0.552274
0.13258
0.56286
0.285431
0.806792
0.256349
0.123745
0.193561
0.0799542
0.357487
0.548593
0.747251
0.38541
0.611652
0.316829
0.550457
0.876291
0.389696
0.878905
0.260076
0.826385
0.129898
0.672843
0.527602
0.249129
0.0587179
0.0097799
0.436366
0.700133
0.334534
0.451093
0.252407
0.467114
0.0139532
0.537839
0.273906
0.270303
0.661584
0.467467
0.350257
0.019071
0.0160605
0.097508
0.404481
0.627712
0.414337
0.954938
0.504003
0.804033
0.833843
0.76408
0.630418
0.963741
0.436922
0.15802
0.21287
0.49564
0.1678
0.649236
0.195774
0.502334
0.100329
0.448181
0.969448
0.114282
0.98602
0.243354
0.384585
0.647603
0.710821
0.734842
0.666674
0.726881
0.83235
0.0711548
0.354594
0.246686
0.0260927
0.858597
0.0507191
0.859936
0.622676
0.681137
0.823677
0.0595986
0.839157
0.0365474
0.555239
0.00695751
0.685783
0.751013
0.509291
0.786112
0.199193
0.478739
0.900394
0.185213
0.722093
0.284979
0.832816
0.432913
0.0198201
0.49949
0.159795
0.85217
0.570645
0.514388
0.098856
0.596738
0.372985
0.149575
0.456673
0.995661
0.830712
0.280351
0.0552598
0.66987
0.316898
0.610499
0.676827
0.00268125
0.361511
0.186119
0.788793
0.560705
0.664858
0.689187
0.745917
0.38695
0.974166
0.578733
0.819863
0.993986
0.0782234
0.979658
0.846155
0.648868
0.494047
0.945011
0.245606
0.867032
0.0945865
0.702279
0.862693
0.925299
0.98263
0.917953
0.595168
0.299528
0.528451
0.271996
0.302209
0.889963
0.458114
0.0910021
0.450667
0.122972
0.780189
0.196585
0.509922
0.754355
0.775318
0.329785
0.748341
0.853541
0.309444
0.594496
0.502409
0.80349
0.539507
0.748015
0.670522
0.634094
0.450294
0.533215
0.559393
0.432924
0.451167
0.154561
0.732451
0.979619
0.426557
0.0346603
0.869582
0.884671
0.125662
0.320249
0.00764233
0.905852
0.516833
0.517564
0.660206
0.292151
0.847349
0.408547
0.145693
0.156793
0.00304301
0.648102
0.960283
0.54255
0.396117
0.630805
0.176644
0.846411
0.16402
0.736037
0.279335
0.615187
0.890598
0.0117867
0.594806
0.317155
0.046447
0.464388
0.201825
0.172109
0.784637
0.209468
0.077961
0.30147
0.727032
0.738167
0.593622
0.574381
0.146714
0.739314
0.731174
0.149757
0.387416
0.691457
0.692308
0.783534
0.322262
0.868952
0.629945
0.486282
0.604989
0.909281
0.101469
0.495587
0.921067
0.696275
0.812742
0.967514
0.160663
0.0145674
0.139624
0.9453
0.224035
0.217585
0.24677
0.951067
0.955752
0.840392
0.525448
0.102467
0.579706
0.256622
0.252224
0.967122
0.948078
0.944532
0.750656
0.27034
0.813484
0.380601
0.756622
0.418473
0.289882
0.858091
0.914061
0.210949
0.554366
0.726803
0.178463
0.715028
0.74137
0.318087
0.660328
0.965405
0.535672
0.907098
0.916472
0.491424
0.74749
0.44192
0.593891
0.327195
0.698541
0.846115
0.294318
0.64662
0.790647
0.0449737
0.91696
0.604131
0.425575
0.673582
0.0226039
0.715457
0.531672
0.936665
0.926406
0.0860379
0.663467
0.104869
0.801066
0.404837
0.422956
0.461394
0.370242
0.958628
0.368492
0.286714
0.450053
0.115982
0.728634
0.0439434
0.443177
0.427175
0.890058
0.737495
0.0737949
0.680705
0.782469
0.990755
0.284835
0.208044
0.664337
0.307439
0.9235
0.196009
0.244104
0.849906
0.282047
0.907571
0.954775
0.0831131
0.312408
0.377732
0.544508
0.68265
0.33636
0.913
0.969364
0.786413
0.028982
0.697998
0.830356
0.472159
0.125173
0.720414
0.209654
0.198968
0.401119
0.992123
0.189723
0.685954
0.200166
0.85406
0.993394
0.123667
0.0500687
0.237497
0.973573
0.332116
0.145068
0.928348
0.415229
0.457476
0.30608
0.959736
0.140127
0.64244
0.872736
0.109491
0.428853
0.901718
0.807489
0.259209
0.373878
0.932663
0.979624
0.583532
0.131631
0.380743
0.575655
0.321354
0.0666973
0.775821
0.175414
0.0600909
0.899488
0.225483
0.297588
0.873061
0.557599
0.442656
0.801409
0.972827
0.900133
0.107489
0.932563
0.0402595
0.749929
0.8053
0.149751
0.178782
0.707018
0.95724
0.437992
0.0808957
0.889903
0.417615
0.664428
0.0215342
0.798358
0.240083
0.342889
0.865056
0.015904
0.518303
0.925147
0.915392
0.743786
0.222735
0.788453
0.301384
0.665391
0.589862
0.274212
0.565524
0.697351
0.206775
0.605784
0.44728
0.0120745
0.755534
0.626062
0.719092
0.712775
0.0640536
0.799988
0.602678
0.481669
0.464416
0.624212
0.280027
0.704498
0.967101
0.145083
0.720403
0.485403
0.0702296
0.635795
0.229189
0.292964
0.424248
0.530574
0.958356
0.0141097
0.804785
0.52388
0.711461
0.0115601
0.129664
0.158741
0.0236346
0.885198
0.784803
0.742727
0.597973
0.848856
0.542715
0.20065
0.330525
0.00713109
0.824862
0.610553
0.71163
0.791963
0.755636
0.432032
0.277366
0.825865
0.0678268
0.506555
0.11883
0.492074
0.0371289
0.0771853
0.506184
0.841914
0.601065
0.217645
0.853474
0.730729
0.376385
0.877109
0.615927
0.161188
0.619836
0.2139
0.0100441
0.162551
0.41455
0.340569
0.169682
0.239412
0.951122
0.881312
0.031375
0.706757
0.313344
0.308741
0.532623
0.381171
0.815296
0.651452
0.873245
0.852425
0.728637
0.379429
0.694339
0.329703
0.597074
0.547813
0.0604315
0.973459
0.424922
0.676358
0.134647
0.0447579
0.890258
0.144691
0.207309
0.304808
0.485261
0.376991
0.544221
0.436383
0.258303
0.575596
0.14314
0.571647
0.884337
0.675763
0.952817
0.699633
0.327215
0.826062
0.552058
0.0558523
0.205492
0.246398
0.385555
0.802566
0.794211
0.445986
0.776025
0.219133
0.122345
0.910672
0.263891
0.0126031
0.0553636
0.4712
0.317411
0.540624
0.848191
0.861632
0.977007
0.106494
0.437228
0.120147
0.678141
0.321564
0.79591
0.630958
0.0211972
0.123125
0.45702
0.573255
0.178977
0.662512
0.819653
0.564532
0.465077
0.613864
0.0105186
0.241102
0.832997
0.132863
0.151775
0.0968883
0.145467
0.207138
0.568088
0.462878
0.747763
0.416279
0.32451
0.72477
0.522774
0.761737
0.844917
0.200914
0.0833016
0.640827
0.831872
0.104499
0.763951
0.288892
0.677754
0.942929
0.951404
0.497407
0.507461
0.416481
0.111271
0.517979
0.657583
0.944269
0.650843
0.809358
0.0411569
0.796309
0.0164962
0.609245
0.259187
0.764259
0.0255247
0.583697
0.489028
0.548298
0.345435
0.333945
0.749212
0.428736
0.974771
0.581084
0.533235
0.738723
0.869976
0.210989
0.681652
0.82138
0.708397
0.189112
0.237861
0.819668
0.707092
0.895445
0.763937
0.357935
0.704803
0.805093
0.154244
0.721299
0.414339
0.413431
0.485557
0.439863
0.997128
0.974586
0.988161
0.342563
0.308531
0.737374
0.771299
0.283302
0.318458
0.304534
0.0220251
0.188434
0.515523
0.703677
0.0098141
0.22392
0.892789
0.247675
0.0435876
0.599881
0.14312
0.807524
0.957816
0.847923
0.612618
0.112059
0.569221
0.0269561
0.525491
0.0547788
0.466819
0.522619
0.0293645
0.454981
0.865182
0.337895
0.192354
0.636481
0.621197
0.510812
0.941015
0.643222
0.699246
0.456538
0.346899
0.70906
0.680458
0.239688
0.956736
0.724045
0.839569
0.0998555
0.531569
0.797385
0.947778
0.144187
0.909444
0.516999
0.171143
0.434935
0.571778
0.637962
0.957554
0.601143
0.0929431
0.822736
0.939038
0.285298
0.459217
0.560235
0.79611
0.400231
0.203457
0.495356
0.856769
0.550356
0.204416
0.537227
0.790044
0.161152
0.261272
0.629613
0.261008
0.792842
0.426998
0.208786
0.937029
0.336442
0.725785
0.108172
0.771377
0.297563
0.746134
0.72893
0.898706
0.839077
0.551666
0.837743
0.124375
0.0108826
0.397978
0.920484
0.411114
0.601435
0.41584
0.267883
0.151791
0.620257
0.80511
0.941835
0.781409
0.0663825
0.571448
0.0424165
0.859224
0.998445
0.251202
0.796253
0.334887
0.976987
0.904424
0.106263
0.27455
0.650558
0.835194
0.173256
0.489636
0.38686
0.0109988
0.61401
0.397742
0.408977
0.534495
0.808856
0.0104116
0.950335
0.0767395
0.162202
0.570592
0.88185
0.104037
0.352001
0.948232
0.675484
0.394417
0.807456
0.67393
0.645619
0.603709
0.00881654
0.622606
0.508134
0.11508
0.897156
0.158692
0.950274
0.0704119
0.648328
0.337134
0.0814108
0.262338
0.734876
0.490388
0.796833
0.543732
0.500799
0.747168
0.620472
0.663001
0.31776
0.502321
0.767038
0.66976
0.450554
0.442523
0.0641777
0.25801
0.116452
0.709797
0.861719
0.125269
0.332403
0.369853
0.240349
0.22956
0.528545
0.190623
0.299972
0.176872
0.527756
0.381382
0.43921
0.262632
0.87177
0.236043
0.806364
0.372569
0.983211
0.426836
0.0355706
0.300971
0.929158
0.802609
0.970731
0.379711
0.245132
0.0349088
0.637722
0.361584
0.744706
0.499441
0.486853
0.0771092
0.869293
0.727202
0.306669
0.397838
0.917825
0.60664
0.574711
0.445581
0.988023
0.0139211
0.708213
0.859793
0.249964
0.514577
0.232362
0.233175
0.941414
0.267932
0.534146
0.870571
0.0705412
0.504877
0.250283
0.315673
0.539786
0.888004
0.677257
0.284492
0.387445
0.16411
0.361601
0.256738
0.891312
0.66827
0.654577
0.809136
0.27491
0.229287
0.254717
0.262933
0.243208
0.96293
0.122725
0.493173
0.477507
0.355087
0.726348
0.418921
0.623019
0.260494
0.289492
0.693561
0.765371
0.539775
0.0092335
0.305157
0.427779
0.68649
0.589648
0.815224
0.8506
0.951249
0.0719628
0.741912
0.619519
0.726539
0.551048
0.894428
0.955827
0.805765
0.157361
0.199035
0.768695
0.280086
0.692208
0.246202
0.635173
0.418556
0.665123
0.258193
0.67905
0.954615
0.951753
0.444421
0.494391
0.960987
0.749578
0.92217
0.647477
0.339226
0.737394
0.498077
0.290475
0.809357
0.239989
0.909993
0.535897
0.791037
0.804422
0.491724
0.596802
0.961783
0.690759
0.365497
0.241869
0.382967
0.6117
0.877042
0.801523
0.276823
0.135235
0.480573
0.231438
0.0869885
0.924994
0.725829
0.0479753
0.674572
0.647999
0.695453
0.0137975
0.385393
0.19353
0.304272
0.19475
0.433519
0.214266
0.730647
0.224557
0.0186872
0.22237
0.821359
0.98047
0.913129
0.186857
0.222339
0.296096
0.798556
0.0993816
0.0976197
0.0753792
0.234617
0.578193
0.306818
0.321605
0.503187
0.0326463
0.369581
0.177759
0.680645
0.0650333
0.191557
0.0660382
0.258563
0.495829
0.260788
0.692083
0.710094
0.991435
0.91664
0.728782
0.213806
0.737999
0.709252
0.126935
0.924856
0.931591
0.423032
0.723413
0.0309723
0.520651
0.798792
0.265589
0.0988444
0.105609
0.587195
0.602032
0.138256
0.956775
0.779791
0.818901
0.0218086
0.971347
0.884939
0.280372
0.467176
0.145727
0.972455
0.17727
0.137163
0.889095
0.906052
0.350969
0.627094
0.615304
0.477904
0.55195
0.546894
0.900936
0.275363
0.577867
0.421587
0.0741545
0.843456
0.520431
0.179764
0.43065
0.122463
0.318019
0.387426
0.902254
0.13692
0.409234
0.873601
0.0218591
0.689606
0.340777
0.167586
0.662061
0.518048
0.304749
0.551156
0.4241
0.655718
0.178249
0.0394031
0.133622
0.730199
0.586297
0.0345573
0.0055621
0.164164
0.456144
0.0797166
0.00761972
0.976576
0.25948
0.43827
0.0990388
0.5775
0.825696
0.00129256
0.71442
0.23493
0.874894
0.736279
0.924536
0.215671
0.903866
0.586597
0.733718
0.208615
0.137752
0.157818
0.864333
0.316002
0.197221
0.997954
0.046201
0.783518
0.0325117
0.0517631
0.947682
0.488656
0.13148
0.955302
0.465232
0.39096
0.393572
0.56427
0.96846
0.219268
0.565563
0.68288
0.454197
0.440457
0.419159
0.378733
0.656127
0.323025
0.96533
0.389846
0.53164
0.103082
0.547664
0.395972
0.419084
0.744885
0.393927
0.465285
0.528403
0.426439
0.517048
0.476085
0.915094
0.648528
0.431387
0.380326
0.0394877
0.824959
0.944597
0.0079477
0.0442271
0.51016
0.690828
0.498425
0.950616
0.109987
0.877158
0.606744
0.433012
0.842488
0.99659
0.964652
0.94557
0.544253
0.360624
0.364653
0.289138
0.754551
0.829938
0.817541
0.180989
0.346986
0.293626
0.096084
0.995513
0.725014
0.47641
0.035001
0.549973
0.421007
0.0429487
0.5942
0.931166
0.733777
0.092625
0.881783
0.843764
0.969783
0.488527
0.276776
0.81227
0.485116
0.241427
0.75784
0.0293693
0.602051
0.122493
0.318507
0.356602
0.952431
0.136048
0.537592
0.299417
0.429675
0.633676
0.29493
0.154688
0.110086
0.329931
0.704662
0.531093
0.37288
0.298862
0.462259
0.106656
0.391487
0.344042
0.95042
0.36127
0.832569
0.227196
0.17354
0.317685
0.468623
0.93138
0.347054
0.0706745
0.0538735
0.665561
0.427277
0.00630475
0.80161
0.964869
0.305722
0.231284
0.598545
0.600652
0.385973
0.708631
0.930583
0.0906342
0.239724
0.303463
0.389496
0.701984
0.41012
0.780984
0.0460258
0.36054
0.142253
0.878595
0.587736
0.315794
0.196279
0.0563585
0.247174
0.543334
0.127033
0.301047
0.208895
0.55431
0.307352
0.0105043
0.519179
0.613074
0.241788
0.117724
0.213726
0.627761
0.826355
0.144309
0.718395
0.0660791
0.447773
0.107892
0.768063
0.857893
0.888875
0.814088
0.218432
0.0311285
0.692683
0.806168
0.346922
0.888962
0.862526
0.594096
0.432296
0.98956
0.895143
0.641191
0.543869
0.202496
0.651695
0.0630485
0.815569
0.893483
0.180772
0.0292954
0.521244
0.00712746
0.173605
0.23964
0.0732065
0.621377
0.347531
0.841269
0.47927
0.236406
0.655357
0.697702
0.267535
0.34804
0.50387
0.614457
0.237002
0.366397
0.208553
0.669298
0.355956
0.103696
0.310489
0.899826
0.306192
0.962184
0.962874
0.121762
0.855667
0.143647
0.151057
0.376911
0.150774
0.324662
0.616551
0.223981
0.946039
0.964082
0.0652497
0.425309
0.200488
0.720607
0.123011
0.468023
0.0686473
0.626881
0.0824801
0.30565
0.993278
0.291033
0.974948
0.349234
0.39473
0.285437
0.24906
0.700922
0.247621
0.211934
0.822683
0.103288
0.35558
0.97374
0.480199
0.506354
0.298402
0.0967502
0.730335
0.244441
0.0608323
0.795585
0.669749
0.261321
0.516192
0.79276
0.729344
0.584839
0.419642
0.811824
0.890489
0.412919
0.102857
0.865437
0.762153
0.497587
0.150874
0.0112126
0.198508
0.398494
0.223146
0.0211916
0.501782
0.578727
0.994932
0.981981
0.0850811
0.293334
0.0787314
0.815416
0.537774
0.139564
0.611001
0.207524
0.400884
0.127193
0.000284311
0.130228
0.712032
0.419926
0.942052
0.60252
0.832845
0.044909
0.467957
0.594998
0.542496
0.618831
0.606211
0.741004
0.0173251
0.829357
0.762196
0.519107
0.408084
0.757127
0.501088
0.493165
0.050461
0.57982
0.308581
0.588235
0.719383
0.919582
0.795759
0.120268
0.0467743
0.796044
0.250496
0.758806
0.215969
0.192548
0.361326
0.0488145
0.237457
0.829284
0.643813
0.779952
0.448115
0.250023
0.520957
0.46544
0.0793804
0.283152
0.984547
0.487464
0.0402795
0.485635
0.980629
0.0907405
0.0654544
0.28921
0.678976
0.784838
0.208791
0.474735
0.905105
0.255566
0.270779
0.155601
0.0143718
0.486748
0.348149
0.375698
0.535563
0.585606
0.204982
0.179375
0.365558
0.653097
0.429399
0.886515
0.118536
0.508779
0.169667
0.103083
0.996243
0.209946
0.588718
0.976872
0.300687
0.654172
0.266081
0.979663
0.43901
0.474873
0.454398
0.344115
0.730439
0.725177
0.499716
0.74481
0.211925
0.847865
0.120509
0.747487
0.433471
0.325491
0.926863
0.799029
0.978587
0.356261
0.685544
0.0971232
0.86504
0.85521
0.200206
0.861283
0.0651567
0.788924
0.838155
0.365844
0.443096
0.104236
0.345506
0.882105
0.579109
0.799904
0.22622
0.309547
0.525081
0.725937
0.0543577
0.737006
0.573802
0.174866
0.484493
0.00727232
0.500357
0.411355
0.806301
0.478944
0.767617
0.491845
0.576067
0.632657
0.347055
0.776273
0.493939
0.412212
0.565196
0.332094
0.778055
0.00829215
0.43633
0.123562
0.890398
0.0154389
0.923466
0.116618
0.324986
0.448547
0.842555
0.379344
0.185552
0.416356
0.55421
0.670045
0.423629
0.0545668
0.0814006
0.22993
0.533511
0.849017
0.721775
0.109577
0.481674
0.0688297
0.88585
0.975613
0.481042
0.451047
0.307707
0.259097
0.459339
0.744037
0.382659
0.349736
0.759476
0.306124
0.466354
0.0844623
0.754671
0.308909
0.463806
0.940223
0.725265
0.0180163
0.610268
0.148894
0.0725831
0.691669
0.378824
0.606094
0.540686
0.100598
0.715671
0.0223598
0.169428
0.601521
0.997973
0.650469
0.0525678
0.30568
0.909566
0.511907
0.049717
0.292225
0.861643
0.809193
0.59835
0.327997
0.893655
0.353021
0.636907
0.357461
0.293244
0.362172
0.375478
0.903512
0.511066
0.448061
0.595181
0.889889
0.0541543
0.135868
0.990487
0.769825
0.158227
0.159915
0.371346
0.1562
0.810385
0.423914
0.46188
0.719951
0.935821
0.511597
0.0121762
0.797464
0.32079
0.610526
0.125461
0.214445
0.963546
0.762368
0.571907
0.25679
0.12454
0.947385
0.160303
0.635605
0.395445
0.755484
0.525494
0.4496
0.891352
0.515982
0.219425
0.0495792
0.675897
0.590771
0.205779
0.486282
0.0146856
0.66766
0.206233
0.950506
0.179257
0.218409
0.74797
0.500047
0.828935
0.873432
0.714492
0.792481
0.6358
0.286399
0.0492715
0.760339
0.233784
0.209574
0.395944
0.62923
0.965059
0.921439
0.0788293
0.85641
0.437421
0.298254
0.90599
0.113318
0.889026
0.111769
0.599599
0.903711
0.779429
0.805832
0.854218
0.958685
0.0242406
0.602188
0.458732
0.853175
0.47562
0.173225
0.645656
0.111419
0.459624
0.694928
0.871758
0.693408
0.904502
0.267703
0.322638
0.869561
0.189142
0.401467
0.725971
0.626562
0.699722
0.631961
0.73988
0.588747
0.74373
0.339479
0.492459
0.523158
0.145311
0.346676
0.481844
0.169551
0.948864
0.940576
0.0227264
0.424484
0.113801
0.668383
0.535903
0.573426
0.36331
0.407662
0.266834
0.267813
0.675364
0.589472
0.137373
0.864506
0.99094
0.863344
0.491068
0.690661
0.495305
0.230948
0.279409
0.239035
0.570427
0.771867
0.762193
0.715737
0.118544
0.244037
0.885289
0.0674081
0.184613
0.908015
0.491892
0.298414
0.576398
0.0277953
0.87184
0.939708
0.435457
0.138674
0.207521
0.110821
0.728147
0.344894
0.975327
0.719086
0.208239
0.466395
0.409748
0.703544
0.697343
0.689156
0.942578
0.26777
0.461024
0.704772
0.983508
0.579568
0.948809
0.868796
0.646976
0.133422
0.776811
0.138868
0.431836
0.353209
0.166663
0.303677
0.292917
0.60212
0.442351
0.500438
0.712941
0.170498
0.845332
0.688268
0.889584
0.0535705
0.154664
0.299332
0.757114
0.852007
0.988488
0.699693
0.119778
0.449512
0.404464
0.103285
0.0290794
0.353273
0.972082
0.676055
0.486695
0.748893
0.814923
0.918531
0.102102
0.981586
0.222208
0.395019
0.583706
0.664559
0.895457
0.296647
0.835056
0.740789
0.984916
0.72464
0.794359
0.139579
0.0239718
0.551474
0.991587
0.0124598
0.251166
0.111364
0.461972
0.655631
0.21465
0.491051
0.00890369
0.186731
0.167106
0.495598
0.935624
0.982029
0.41413
0.0377264
0.963615
0.636337
0.432746
0.547321
0.300896
0.328202
0.843968
0.135952
0.0689914
0.828884
0.860592
0.863351
0.968463
0.884564
0.414824
0.96005
0.897024
0.665991
0.0714142
0.358996
0.321622
0.286064
0.850047
0.330525
0.472795
0.0171525
0.826124
0.40842
0.999181
0.240253
0.446146
0.962796
0.876591
0.878892
0.510118
0.177487
0.207094
0.354086
0.313439
0.276085
0.18297
0.174031
0.139436
0.151433
0.0585956
0.554261
0.111483
0.95562
0.220251
0.182897
0.314615
0.541873
0.468961
0.164662
0.872398
0.941756
0.181814
0.698522
0.350175
0.180996
0.938775
0.796321
0.143792
0.815366
0.675213
0.65391
0.992852
0.882307
0.00799558
0.306291
0.158392
0.190965
0.480322
0.297828
0.342398
0.538918
0.852089
0.453881
0.494538
0.0723404
0.636778
0.809153
0.614213
0.105738
0.973815
0.486611
0.047494
0.155629
0.185133
0.397669
0.336625
0.123908
0.193991
0.480417
0.939274
0.869204
0.134327
0.932126
0.75151
0.142323
0.238417
0.909903
0.333288
0.718739
0.207731
0.675686
0.257657
0.0598201
0.129567
0.752194
0.13216
0.766344
0.561347
0.746374
0.872082
0.535162
0.232985
0.919576
0.690791
0.418118
0.317246
0.0274162
0.542026
0.511236
0.507834
0.4813
0.38044
0.642161
0.413425
0.13195
0.784484
0.651842
0.0418531
0.117772
0.370581
0.249584
0.793458
0.628237
0.309404
0.923024
0.380431
0.441565
0.689369
0.941778
0.187938
0.561451
0.47694
0.420923
0.481027
0.167731
0.839041
0.798273
0.195147
0.381067
0.30951
0.702981
0.862367
0.68995
0.345142
0.275792
0.8219
0.129626
0.927634
0.863753
0.247397
0.298215
0.113337
0.0408553
0.926452
0.422742
0.96388
0.306883
0.864306
0.653249
0.248661
0.0522445
0.2147
0.725601
0.473168
0.695727
0.893332
0.312209
0.494
0.0884794
0.693276
0.80351
0.79146
0.555643
0.493459
0.136602
0.831435
0.31536
0.266228
0.75907
0.179113
0.513625
0.0572844
0.29245
0.554481
0.983736
0.715191
0.51836
0.29062
0.579498
0.171609
0.539281
0.631742
0.386309
0.264882
0.10491
0.0820357
0.158214
0.417119
0.576036
0.246694
0.110395
0.379546
0.0381539
0.666039
0.873005
0.174756
0.497474
0.188365
0.440984
0.256544
0.367477
0.954609
0.313828
0.659927
0.50909
0.297564
0.375119
0.0274504
0.588184
0.954616
0.199059
0.127465
0.586358
0.585368
0.392347
0.691268
0.667404
0.550561
0.108387
0.24344
0.797255
0.218783
0.622985
0.835408
0.884821
0.495991
0.0101645
0.382295
0.684356
0.451148
0.638839
0.051833
0.405758
0.952667
0.71176
0.914848
0.250231
0.0868792
0.942298
0.838415
0.0414956
0.141357
0.96588
0.627854
0.726725
0.358227
0.319123
0.394129
0.908788
0.42751
0.637569
0.706042
0.646293
0.260554
0.541451
0.531114
0.756545
0.551615
0.913409
0.4409
0.0027637
0.552248
0.492733
0.408521
0.504915
0.204494
0.323369
0.755147
0.291373
0.265667
0.593562
0.332869
0.407024
0.559442
0.960723
0.13375
0.917669
0.279845
0.527879
0.826457
0.707355
0.165447
0.532499
0.353648
0.426001
0.0739497
0.884762
0.182546
0.625565
0.798172
0.623446
0.628329
0.35042
0.11618
0.0368501
0.855335
0.320674
0.360219
0.610482
0.612047
0.625886
0.204044
0.944915
0.03291
0.763486
0.905638
0.16666
0.681155
0.185483
0.694538
0.507612
0.892839
0.859985
0.0401109
0.246487
0.285987
0.114061
0.131249
0.468533
0.739626
0.929421
0.0919791
0.367954
0.279841
0.208159
0.404804
0.135177
0.528832
0.765023
0.745659
0.140879
0.390909
0.949703
0.0857945
0.423819
0.713189
0.991433
0.590479
0.394344
0.176916
0.285017
0.901956
0.0697548
0.145002
0.942067
0.316242
0.430989
0.0561277
0.447491
0.899522
0.795753
0.376912
0.991501
0.163708
0.656753
0.19966
0.568512
0.79193
0.728492
0.333535
0.537588
0.869372
0.724445
0.487291
0.955166
0.148264
0.20048
0.946599
0.738743
0.594825
0.123515
0.0237599
0.496781
0.193269
0.168762
0.438848
0.509511
0.599752
0.494976
0.957002
0.499273
0.290729
0.333914
0.490774
0.454437
0.990668
0.690434
0.0229489
0.782597
0.418927
0.356484
0.320186
0.288298
0.080929
0.807477
0.243464
0.229193
0.00795714
0.190063
0.967936
0.602782
0.313577
0.991696
0.0995629
0.506847
0.160458
0.538411
0.0163582
0.76021
0.0333868
0.973361
0.259483
0.324116
0.307275
0.750257
0.778553
0.297943
0.440692
0.801502
0.0805398
0.859618
0.157986
0.400725
0.147917
0.238915
0.208202
0.391381
0.468108
0.216159
0.581444
0.436044
0.818941
0.895021
0.42774
0.918504
0.401868
0.588198
0.456915
0.418226
0.348408
0.490302
0.391587
0.607891
0.814418
0.698862
0.358148
0.59297
0.996805
0.79884
0.394472
0.0773444
0.658458
0.552458
0.47807
0.806375
0.791373
0.686272
0.197755
0.259481
0.902431
0.779199
0.695525
0.721372
0.67422
0.123264
0.639876
0.0760882
0.711462
0.0967913
0.494314
0.0598693
0.587093
0.885901
0.66776
0.401511
0.584763
0.025908
0.994481
0.581568
0.824748
0.388954
0.658912
0.483206
0.941412
0.136982
0.289581
0.732784
0.823254
0.487336
0.992265
0.725685
0.266535
0.68779
0.447057
0.940755
0.811054
0.0869331
0.0168435
0.522516
0.183724
0.511158
0.582385
0.770818
0.397059
0.250145
0.172329
0.981822
0.276053
0.16681
0.56339
0.100801
0.555764
0.222302
0.584007
0.497175
0.359284
0.873587
0.22996
0.182538
0.360924
0.222225
0.908223
0.627459
0.910015
0.355279
0.568214
0.721068
0.442213
0.585058
0.243584
0.625937
0.0962155
0.825969
0.396755
0.493275
0.0761137
0.569083
0.475097
0.352167
0.735893
0.0384874
0.452967
0.291657
0.26079
0.0369743
0.788832
0.620074
0.910562
0.0187912
0.802612
0.271485
0.241016
0.710834
0.898944
0.15103
0.0661139
0.467158
0.872099
0.508326
0.0522157
0.115683
0.134263
0.148431
0.941652
0.531018
0.641706
0.0177652
0.100101
0.116803
0.369932
0.835994
0.15529
0.822899
0.127651
0.41608
0.859874
0.916482
0.0361543
0.770435
0.935274
0.838766
0.0419206
0.17629
0.549601
0.940865
0.32732
0.615715
0.408023
0.199419
0.124041
0.460238
0.315102
0.258305
0.60867
0.256753
0.789323
0.250376
0.274518
0.889424
0.367179
0.64445
0.725418
0.522469
0.46735
0.853069
0.938549
0.327223
0.769551
0.974704
0.0976585
0.704825
0.81347
0.139579
0.881114
0.363071
0.0804438
0.208434
0.978785
0.488467
0.407853
0.102826
0.948705
0.722955
0.361131
0.557375
0.979708
0.150453
0.80775
0.254226
0.039877
0.174929
0.898676
0.765295
0.697398
0.366026
0.618363
0.635947
0.693249
0.387914
0.610651
0.790908
0.0927388
0.424121
0.930487
0.973853
0.787191
0.0109306
0.182287
0.765976
0.499397
0.590141
0.868802
0.448102
0.313095
0.229933
0.00547708
0.292803
0.380386
0.813227
0.547029
0.420263
0.988156
0.445706
0.185558
0.685554
0.811731
0.803921
0.321501
0.50498
0.191836
0.932152
0.295888
0.284574
0.356272
0.226375
0.258428
0.143463
0.237305
0.440715
0.909439
0.736703
0.0308556
0.778242
0.184805
0.343951
0.00817478
0.190282
0.636754
0.388561
0.00350928
0.183784
0.808824
0.991665
0.629489
0.994383
0.677219
0.441221
0.798304
0.99872
0.946201
0.990139
0.930872
0.242089
0.274714
0.287144
0.468464
0.533141
0.430607
0.705769
0.973856
0.340047
0.442472
0.00471193
0.118288
0.627277
0.348663
0.126463
0.817559
0.985417
0.515024
0.821068
0.169201
0.323849
0.812733
0.79869
0.318231
0.489953
0.239911
0.116535
0.488673
0.186112
0.106675
0.419545
0.428201
0.381389
0.706689
0.896665
0.91453
0.137296
0.602434
0.888386
0.477343
0.0449056
0.893098
0.595632
0.672182
0.241761
0.722095
0.489741
0.227179
0.237119
0.310809
0.396379
0.560968
0.123542
0.19507
0.8792
0.613494
0.43498
0.995735
0.102167
0.621092
0.10241
0.521712
0.049293
0.483798
0.228401
0.945958
0.398328
0.365697
0.548392
0.286715
0.843041
0.593297
0.179813
0.438672
0.265479
0.421574
0.160767
0.75522
0.648753
0.397887
0.0660286
0.0451322
0.958855
0.18957
0.240202
0.838055
0.803065
0.675182
0.83379
0.905232
0.296274
0.936199
0.426944
0.345567
0.419998
0.655345
0.291525
0.818326
0.0210423
0.839916
0.105041
0.864083
0.433214
0.284854
0.302755
0.698693
0.706428
0.463522
0.453913
0.355181
0.861409
0.519941
0.400313
0.820264
0.709512
0.640515
0.658318
0.512576
0.315697
0.492108
0.417808
0.611971
0.428307
0.844752
0.957538
0.848305
0.500097
0.249063
0.666631
0.521139
0.0889796
0.771672
0.385222
0.522193
0.0565262
0.687977
0.220886
0.762954
0.1515
0.674799
0.118135
0.0129089
0.19474
0.518448
0.833173
0.904252
0.158963
0.491491
0.416829
0.47466
0.983599
0.834637
0.0866315
0.411907
0.679389
0.0441698
0.260212
0.179486
0.293233
0.926843
0.700625
0.382213
0.698515
0.0858472
0.904406
0.755041
0.773824
0.125292
0.517996
0.925324
0.800091
0.636131
0.938233
0.994831
0.154579
0.771406
0.899083
0.313543
0.262897
0.315912
0.788203
0.246497
0.150549
0.874835
0.658403
0.829938
0.919004
0.918615
0.00942386
0.212237
0.845458
0.710049
0.59445
0.543973
0.795896
0.498856
0.299015
0.569721
0.624147
0.81701
0.495045
0.424238
0.453141
0.433278
0.419069
0.607721
0.204684
0.318152
0.921264
0.467582
0.634064
0.709467
0.714078
0.784613
0.584301
0.372482
0.614551
0.503306
0.291097
0.623975
0.715543
0.136555
0.334024
0.309993
0.680528
0.12992
0.808849
0.979543
0.699641
0.432996
0.796553
0.194686
0.857234
0.249695
0.627964
0.276303
0.857416
0.832648
0.594456
0.778679
0.300229
0.22852
0.488146
0.0143076
0.0131332
0.0724473
0.386789
0.627684
0.575753
0.677886
0.25166
0.291296
0.814442
0.585684
0.601289
0.49497
0.715604
0.410138
0.474513
0.415244
0.843134
0.271066
0.60993
0.700368
0.520761
0.237893
0.976671
0.378177
0.0705411
0.571127
0.156856
0.37077
0.799647
0.645002
0.385078
0.81278
0.717449
0.771867
0.440464
0.293202
0.449754
0.692124
0.584498
0.264195
0.277807
0.185788
0.759165
0.993411
0.595925
0.233678
0.408655
0.439059
0.504744
0.0185852
0.139427
0.0255053
0.256479
0.116098
0.403682
0.32702
0.687225
0.560538
0.69779
0.486872
0.20554
0.082868
0.299652
0.922989
0.854735
0.740116
0.216191
0.304489
0.43224
0.800689
0.568684
0.710048
0.986477
0.327849
0.703459
0.582402
0.561527
0.112114
0.0214614
0.0662716
0.130699
0.160889
0.0917769
0.387178
0.276987
0.495459
0.714198
0.964212
0.0559965
0.411988
0.451084
0.261536
0.494856
0.750736
0.184525
0.349591
0.490852
0.400716
0.65408
0.923093
0.201405
0.222764
0.63314
0.187881
0.550614
0.336599
0.770284
0.112141
0.448713
0.791745
0.178413
0.579412
0.952634
0.27019
0.96659
0.229621
0.765648
0.680787
0.193833
0.821645
0.0927749
0.644917
0.0831811
0.587631
0.395654
0.267706
0.937222
0.886506
0.668422
0.591302
0.809599
0.869826
0.814066
0.442739
0.0577078
0.36468
0.779338
0.827991
0.476821
0.22805
0.619736
0.655234
0.807462
0.57237
0.925423
0.774052
0.80199
0.691072
0.454839
0.995823
0.512717
0.547614
0.640741
0.595898
0.135245
0.0363943
0.863604
0.0724663
0.9229
0.532025
0.663768
0.732499
0.401851
0.477834
0.175238
0.459559
0.842514
0.954575
0.28755
0.319335
0.182625
0.907287
0.974569
0.990088
0.479656
0.899992
0.76414
0.281647
0.591064
0.218979
0.27747
0.10378
0.766593
0.918211
0.699678
0.901838
0.954605
0.563282
0.974304
0.877505
0.0953068
0.638072
0.610004
0.497158
0.115906
0.785242
0.956717
0.95842
0.739817
0.244268
0.277755
0.922442
0.151555
0.252323
0.91253
0.631211
0.152315
0.67667
0.912858
0.743379
0.895649
0.190328
0.847159
0.662242
0.108538
0.546837
0.56408
0.0631435
0.110119
0.538384
0.940649
0.205426
0.176456
0.550653
0.702584
0.292363
0.335895
0.659301
0.250783
0.0757119
0.903569
0.528538
0.998154
0.0551237
0.780861
0.910685
0.686335
0.933176
0.587354
0.599192
0.676555
0.483003
0.78952
0.523714
0.145245
0.898058
0.0705514
0.709325
0.961202
0.18067
0.247709
0.901851
0.386096
0.424165
0.452504
0.0886797
0.716528
0.788399
0.747981
0.967311
0.864111
0.65155
0.495848
0.862265
0.706674
0.276709
0.77295
0.393008
0.209885
0.360304
0.992201
0.886441
0.843307
0.781721
0.410155
0.988552
0.679779
0.480706
0.697877
0.640981
0.661376
0.945586
0.542832
0.0474722
0.369751
0.995335
0.136152
0.0862789
0.783734
0.884133
0.0535896
0.647845
0.535683
0.549438
0.51011
0.242357
0.826147
0.283059
0.635365
0.0360327
0.643363
0.627566
0.922473
0.48667
0.409286
0.332628
0.475222
0.0890651
0.813334
0.173099
0.730046
0.47471
0.118684
0.272878
0.522183
0.488435
0.268213
0.658335
0.574714
0.0519468
0.542467
0.628304
0.699791
0.0781503
0.177742
0.209901
0.320507
0.00388903
0.49296
0.955872
0.0399217
0.136324
0.583438
0.962395
0.622994
0.992724
0.295023
0.0982159
0.0817889
6.99367
6.94927
2.57314
3.96892
3.31525
9.06196
3.69098
9.36426
4.32775
3.86185
6.61715
2.48973
6.60764
9.57967
2.9235
9.99471
9.5903
6.79192
7.2865
6.02737
2.63261
8.96388
2.2578
3.85696
2.65232
2.6575
2.0083
5.7417
4.20886
2.05516
9.37945
8.17079
3.15964
3.98988
4.76335
1.55017
2.52808
7.56671
2.72506
2.35437
5.29387
4.58045
4.13354
1.60476
6.46797
6.82636
6.90227
3.7412
3.71671
7.80755
8.43556
4.53782
9.07816
8.79473
4.14726
4.17994
7.87381
7.66071
7.91414
3.06532
6.83228
2.46501
9.1655
1.93322
3.7237
3.88105
7.9151
6.37123
1.05214
3.11821
3.93865
7.79413
6.85384
4.84137
9.45238
6.74568
2.61529
1.3863
5.31268
2.11769
3.22005
7.57366
4.20818
6.58991
7.40125
6.19084
2.27952
1.80196
5.13403
6.79741
3.18226
3.76911
2.37264
6.14408
4.17231
1.97849
7.75613
6.62883
5.28584
1.70825
7.60526
4.09684
8.62493
3.47561
6.99397
3.50202
2.76462
2.08959
6.0084
3.93491
5.71502
7.49704
9.41243
5.96828
3.6731
7.70006
6.21545
7.90608
3.97336
7.15471
1.47526
2.58324
8.98806
2.80175
4.46794
5.64311
1.96624
9.53424
1.29272
7.91072
1.24057
8.81772
4.65461
9.14801
8.97175
7.23181
9.98544
2.22447
5.45874
7.60914
6.36359
4.99183
7.59326
3.04836
1.26713
7.47127
2.30327
3.43903
5.85602
4.69266
4.46805
6.37133
5.89789
2.18237
2.51282
8.0251
1.84488
3.6876
6.12766
4.98669
2.61455
1.85338
1.29067
4.56444
8.80412
1.18624
2.18422
5.62793
4.0319
8.3055
7.6752
5.19233
2.46944
6.74437
2.22056
8.92916
2.08647
5.08552
3.19516
7.79383
6.46896
6.35672
1.97815
8.97756
4.42323
8.6882
5.39685
8.88353
3.81747
3.44512
8.61846
9.82704
8.91743
2.98106
1.95403
2.1916
5.79423
3.37146
9.63014
5.16125
9.70646
1.30476
8.9471
1.53592
5.93628
7.10803
9.398
1.92423
1.96497
3.15759
5.86385
3.83737
3.94127
9.04176
1.61459
5.94648
1.08452
7.3223
8.54818
8.01944
1.9638
9.02695
4.84061
6.90279
8.59918
3.63944
1.79144
7.82995
5.58598
4.74831
3.60488
1.76685
7.97571
2.1153
5.01676
4.73198
7.07104
1.48339
5.28415
3.20615
3.65553
1.33179
4.78314
8.49879
1.47889
8.28772
5.99196
4.79883
1.28314
9.68537
9.00227
9.39923
1.9283
2.9935
3.51322
3.02496
4.8191
6.61891
7.84885
9.49914
5.29334
7.95412
5.97813
6.11902
6.7427
5.23176
1.15563
6.07408
1.77832
5.98569
3.84103
1.48129
9.9298
3.62331
2.18733
1.58795
4.91254
6.76561
1.96742
1.32084
2.01266
2.13
8.15079
5.27834
9.23831
8.53302
7.94946
8.18338
7.87679
6.93725
5.15386
2.67027
8.23686
3.44633
8.99032
7.66589
6.27968
7.62958
9.47857
2.31499
8.23079
1.06911
2.09753
4.55834
3.14994
4.87521
1.99624
9.89917
2.08677
1.06964
9.50038
6.67799
3.79518
4.51497
4.23929
1.97227
9.36216
3.86394
2.89617
1.74181
4.69555
3.3489
4.5289
6.68117
5.3433
9.77049
8.1329
8.5083
2.81962
4.84854
2.73344
2.32085
3.82275
3.24794
1.81261
4.32204
8.86543
2.34865
6.12572
3.92107
7.71805
4.51117
3.22092
9.98634
2.74014
5.73414
7.16125
7.49177
2.64626
8.996
7.11908
6.26564
5.59467
9.80685
3.28022
5.89916
5.39005
9.21049
1.97489
5.90859
2.11217
1.01697
1.80308
8.81033
3.792
8.34984
9.04962
5.79516
4.93927
3.77775
6.28657
4.45715
4.41356
1.19006
4.2308
2.66017
1.13613
7.15662
6.60571
7.57352
6.69062
6.85192
9.80903
5.17527
1.24917
5.06447
4.71114
8.41657
1.92692
7.55867
7.42853
5.46939
1.63704
6.21202
7.54711
5.26442
2.83351
8.82951
2.61067
2.13697
5.44716
2.1612
7.25775
6.91424
5.26854
5.68927
5.8922
5.26924
4.5102
7.30541
2.88104
7.33088
5.70039
9.76195
9.02077
1.08841
4.211
2.41306
7.12864
7.89321
1.45021
8.04564
6.25972
2.13254
5.96169
3.87024
2.3791
5.90663
7.50325
4.22894
2.4507
2.62073
3.64286
7.84098
2.76875
5.67643
9.09349
5.77112
6.162
1.05417
3.20619
6.79546
2.24809
2.08745
1.57882
8.84484
6.82978
7.02474
6.54092
6.98319
4.17852
8.13046
6.90464
1.30917
7.0575
1.41861
9.79025
5.97912
3.09292
7.80419
9.27757
5.21662
7.37976
4.85084
8.11696
6.26212
2.45153
8.65242
8.2448
4.43779
9.87017
8.0394
2.64805
8.00526
3.92545
4.79998
4.06584
9.06903
9.49507
4.36575
3.49872
1.20197
6.15805
8.77187
9.28625
6.87009
8.58029
6.54384
5.80007
8.17454
9.00513
6.13658
6.33315
4.61669
7.72267
3.51399
7.74651
7.43073
7.41877
4.21244
9.45924
8.22155
8.12738
9.02118
6.87522
8.21579
9.32267
1.15695
6.71869
7.70459
2.71573
5.26684
8.25773
2.59249
3.3924
3.92316
1.32194
5.89835
7.87621
8.88293
2.71606
1.92372
9.69323
1.71653
6.7595
4.49599
3.25315
2.39496
6.31382
5.54809
5.81293
7.41005
6.95692
7.51125
8.17025
4.72072
1.50202
8.96584
3.11152
5.49946
1.27433
3.42319
5.76254
7.38099
1.63342
8.11736
7.00598
4.3991
7.17962
5.07763
7.14977
1.92252
3.44869
2.21588
7.67548
1.54542
8.81504
8.70169
8.88615
7.77253
8.53822
2.26895
7.70067
7.55588
9.93018
2.09262
9.27914
3.23842
1.36683
6.61874
9.09341
2.67081
9.63264
8.65986
9.27247
7.46192
9.26629
1.93595
2.61288
6.60356
1.95908
7.75587
9.84654
5.69368
3.43969
1.34531
6.79999
9.27301
4.27731
7.07118
8.73633
5.27718
8.13125
6.46558
5.31042
5.57747
1.75554
2.47421
5.30801
3.78971
6.94567
6.17533
9.23886
2.48315
3.05351
4.86842
9.36577
7.21656
8.45231
6.42674
6.99199
1.52483
9.00602
1.71016
9.24967
7.58097
4.78656
7.59933
1.68463
8.49615
4.88426
9.99872
4.84344
4.68551
8.22924
4.44805
8.5304
8.57931
7.87783
7.2188
3.00735
9.75966
5.3882
6.73348
1.6368
5.42819
8.44952
7.42414
2.29691
3.88075
5.46164
4.98461
8.488
1.25083
7.53177
4.75217
3.23916
6.00676
8.80784
8.67878
5.39256
8.56035
9.77821
9.45224
6.8149
5.51959
3.93966
4.59521
2.93208
3.81601
3.30603
9.8847
1.49448
6.22138
6.89162
7.90939
9.21522
2.18442
7.54598
4.07009
8.75917
1.16623
3.63295
7.50231
9.44828
8.35591
2.8434
3.46495
7.93028
6.79273
1.55758
7.97299
4.64062
5.03832
8.78366
9.10536
2.54941
6.41693
1.18821
6.85057
2.48941
5.43689
1.3017
2.64937
1.1609
6.63116
4.92796
3.63783
8.86234
1.02656
9.75257
9.48941
4.43967
3.92274
2.76193
7.44075
8.6935
8.52706
6.59551
7.66565
4.90571
9.53415
1.00669
1.1822
5.85035
6.25809
9.03281
9.74402
9.99996
1.23305
4.35286
2.49559
3.91025
9.65826
7.82629
5.25929
8.643
8.95499
5.56375
5.33329
5.2845
8.46007
3.44372
2.96577
6.09869
1.34888
6.32249
3.02981
2.30898
9.39195
6.72874
4.583
2.46115
2.57055
9.62174
7.38684
1.69027
6.6365
6.21486
7.85116
5.70107
2.79176
4.78439
6.29482
4.58621
9.10573
6.66635
6.41651
4.43773
4.01363
2.35313
5.60455
7.41966
7.92378
3.33939
4.76535
1.10034
8.10052
8.0315
5.80649
9.36138
9.95132
1.75461
4.65489
5.09286
5.3156
6.10308
4.3562
6.93086
7.7593
9.5728
7.31731
6.64418
9.44763
5.60244
2.12929
2.98209
3.30912
1.67159
5.78616
9.76116
7.83705
9.45543
4.63293
3.29584
7.86144
9.67277
2.86049
6.59858
3.7449
9.69404
8.50661
8.20574
3.69867
5.88067
6.48502
4.81369
9.95958
5.30935
8.14512
5.60366
3.0203
6.45796
7.71983
4.41451
1.6678
7.48703
6.27215
4.58237
3.88321
2.61959
2.4424
2.05807
9.12618
1.25716
4.27642
7.55097
2.76303
9.77043
3.11011
8.20446
8.34727
8.47189
9.18929
2.40775
9.66133
1.3564
7.41668
9.35165
7.89458
7.01607
9.98378
2.44016
9.96835
6.18901
8.21997
4.34662
6.95436
8.97374
4.38851
1.34165
6.86088
4.21994
4.20915
5.23257
6.50071
9.81041
7.71244
5.02269
7.88009
8.77469
3.57898
1.25332
6.13288
5.48345
4.03006
2.80596
5.39191
7.01328
6.63601
5.42983
9.90941
6.64213
2.98852
2.31984
6.96167
7.46552
7.80306
1.37549
2.65752
8.37429
8.85086
1.7589
1.22903
4.69539
2.07743
3.29689
7.15472
1.73801
8.67091
2.52395
3.31845
5.88209
4.07929
5.97209
3.09357
1.6233
2.62667
9.33252
9.5091
1.40981
1.52272
4.9722
6.02259
9.6449
8.02406
4.12923
3.75593
2.00811
9.87223
9.86896
3.50308
5.26472
5.21658
6.8959
3.72218
5.78972
1.22703
7.05307
7.85729
8.80384
6.02544
4.86877
8.7116
2.64803
6.08733
2.55706
2.78839
6.04927
2.86258
3.54574
3.44726
1.71962
7.91668
7.42498
9.91387
8.86823
1.16426
9.48456
4.12834
7.83874
8.17699
9.16982
3.53913
7.50729
9.93162
2.99538
7.34024
2.10134
9.26
8.52913
9.35941
1.51652
6.16885
8.46071
9.14737
8.04803
1.94813
3.65478
5.34615
7.83293
7.71739
2.63632
6.37553
4.64987
4.93664
1.83288
4.45187
2.09778
8.36222
2.435
4.88391
7.17161
3.52037
6.6371
6.3983
4.49781
7.29104
5.47824
2.75466
1.0047
2.45432
5.15182
7.37329
4.2725
8.68837
5.00147
9.52024
8.52171
1.02305
2.44681
8.83644
1.5761
4.83835
4.93452
7.37717
9.16819
4.53789
2.35295
1.44838
9.06029
2.63455
7.87853
8.21307
7.63313
8.31624
2.25143
5.02489
7.75995
9.05842
2.4102
6.93966
3.60861
9.91573
4.9793
5.81269
7.53679
8.26436
7.15108
9.47607
3.45133
7.37081
2.38725
5.41908
9.88773
9.35486
2.40739
3.23789
8.83792
8.10099
4.43833
6.87977
5.45473
5.27727
9.05018
8.40963
2.97029
2.67284
5.1579
5.26698
9.25076
7.81226
1.37035
8.2439
8.05413
7.49885
9.3029
5.08419
2.07421
2.7267
6.12443
8.85577
7.77357
1.16149
4.23492
1.33667
2.54439
5.8325
9.22708
7.65918
3.52705
5.8713
8.26898
2.8069
3.13231
1.96604
6.96997
6.54464
8.48702
7.98628
6.30649
7.30592
8.5479
1.7604
1.40237
2.65714
7.51231
4.94056
5.24254
3.67635
6.32069
6.19943
9.29163
1.62393
5.67595
9.85526
5.75246
3.03171
4.59553
2.5506
6.81592
5.73204
8.3623
9.47417
7.27931
3.62639
7.7031
6.55489
6.08666
3.10271
2.99293
5.21728
3.16154
5.76125
2.73306
4.15594
5.87847
3.22108
3.56668
6.56042
3.73215
8.22721
3.34579
3.66608
9.85417
9.13268
4.14392
6.00991
1.70703
5.70558
8.08677
1.2609
5.93133
4.94735
2.83216
2.15977
3.01919
5.48948
7.54622
9.52549
5.56607
7.26099
8.93446
1.26081
5.42056
6.75982
2.2743
8.54362
4.66602
7.78946
1.33886
7.15242
9.98023
2.08667
9.04534
7.63449
2.56432
3.59867
9.75845
4.21723
9.00534
4.65808
3.73786
7.46314
9.69887
5.23282
9.62746
8.647
4.77802
8.14568
7.00101
9.16086
9.30461
2.42549
5.55358
5.33307
2.30051
6.14224
1.97659
4.36497
2.18144
4.14323
6.26618
3.75355
6.28047
7.99365
1.81659
5.69579
4.77607
4.89204
6.93139
7.62153
7.97324
6.17698
4.98438
3.74027
8.39972
3.26041
4.79673
5.25792
4.42336
5.66577
9.1872
7.51811
3.32357
4.59351
8.21946
7.1464
9.22706
8.9203
2.29877
1.21725
9.25559
3.26293
1.98865
6.83041
4.10053
6.54958
2.21369
6.69993
1.69509
9.73832
8.12699
2.0461
8.60043
1.3774
9.84055
4.16175
5.66309
5.09832
3.91062
4.64089
1.51887
5.75873
1.49495
5.99555
9.66238
8.02874
4.16214
2.33065
9.97849
9.74198
4.47176
7.00184
9.52695
9.65129
3.5192
4.24777
5.02483
6.0858
3.46244
2.10499
4.43507
6.89471
8.30673
3.48975
8.48639
6.60101
8.92472
9.26046
6.96086
9.03357
2.06945
5.69534
9.05552
3.65439
5.91288
6.97786
9.26638
5.61098
2.78607
4.06387
9.35059
8.48113
8.60571
5.74342
7.6635
1.78395
5.93553
3.6371
6.12091
6.19581
4.20872
6.27718
7.11546
5.82785
8.28144
4.98264
3.83137
5.29243
2.806
2.69428
6.95858
3.71157
9.53517
4.00129
6.45886
2.68336
7.07532
1.64227
9.42807
4.75699
6.95169
1.1178
6.707
8.38632
8.74143
8.15904
7.22459
2.71914
8.43025
3.88679
4.95383
6.07802
7.88401
1.77252
1.06309
3.25064
1.69258
2.96878
1.90028
2.57855
4.3996
8.45506
2.20737
6.98339
8.00787
4.63509
1.28374
8.48621
3.69399
8.54634
4.7543
9.64657
3.62604
7.83883
4.54724
8.92785
4.28377
9.21015
5.20636
1.01255
1.94935
1.01633
9.89163
8.80865
9.77614
9.4857
5.04173
4.93883
7.02416
9.24281
6.82642
3.43322
8.10113
2.6702
7.37098
9.97084
1.96758
9.91842
2.53477
3.08301
2.27114
7.7652
2.21564
9.81223
1.09852
2.17824
3.30766
8.78026
6.67894
5.44587
2.91349
5.08255
7.81492
9.65875
3.66251
2.1909
6.61239
6.90561
5.66283
4.89128
1.2075
7.37553
2.63833
9.46199
7.75286
6.77452
8.34472
4.90939
7.25636
5.17759
3.55421
4.7096
8.64669
7.9708
5.28634
2.89658
9.0545
8.64528
9.4058
7.52985
7.40407
2.30029
2.69978
1.5642
4.22181
3.07148
1.90058
5.98435
7.5786
2.21657
7.84913
1.75887
9.11279
6.79627
9.44998
3.41381
1.49324
2.18536
1.67674
8.55885
6.87189
3.26844
6.55416
8.44693
6.97883
3.75377
9.02912
8.6358
9.05384
6.21535
1.85467
1.10047
4.51222
1.6381
9.1607
3.25668
1.26458
9.23005
2.08128
7.08217
9.27151
4.61546
8.46152
3.35116
5.95021
9.11919
7.82172
1.40386
5.06761
4.06772
9.5925
3.285
4.93559
8.9316
1.33816
9.11901
1.47115
1.86214
6.91872
6.3559
2.28383
6.59964
6.54106
8.22356
7.50396
5.77415
1.224
6.92181
9.92233
8.09149
4.78178
8.22544
9.76386
9.25959
4.5811
8.22564
5.06172
4.43754
4.28016
4.7137
5.3313
2.77029
5.13175
4.5463
2.9989
7.21553
7.67025
4.34753
8.38453
5.37673
6.75039
6.00673
3.87691
3.83582
3.78517
8.40831
1.30708
5.02833
3.86602
7.79674
8.24021
3.32983
9.49435
5.11724
1.00593
5.8909
8.96427
7.19635
3.28788
6.9642
3.78554
2.804
5.63497
9.43929
8.55799
3.90178
8.5765
8.10927
3.74066
4.58004
4.20192
8.49009
8.04688
5.8009
8.25834
5.36391
3.9464
8.49251
4.70959
2.89465
3.51152
2.47522
5.95425
8.90921
8.16613
1.12146
4.89159
5.34289
9.15077
8.0615
8.8092
6.18413
9.10154
1.92068
3.29705
4.37908
4.40765
8.26141
5.4339
2.47177
3.53489
1.37913
5.14946
7.40665
7.83331
1.94684
6.68786
6.80154
7.09798
8.70342
5.23312
4.30363
5.61045
9.49191
6.17821
4.62454
6.281
1.69727
6.25257
4.88562
9.50184
6.41338
1.26128
1.71071
3.69758
7.30769
3.03022
1.57469
2.54042
4.35823
6.05623
9.74719
8.39253
3.8522
7.59688
6.24769
9.84533
9.79506
4.4719
9.29892
6.32406
6.41716
7.36547
6.17219
9.84247
4.71325
7.05134
9.30963
1.90513
5.31649
9.41414
2.6511
8.34514
7.64162
3.7507
2.95952
4.04038
3.18009
5.27352
1.26266
5.11393
3.86016
5.26317
3.42707
6.86973
2.41018
1.08353
5.33275
7.01142
7.23612
9.5628
2.81049
1.65689
3.03107
7.54586
1.37084
4.08798
2.90042
5.2793
4.242
5.68244
4.81457
8.85676
9.95085
5.67178
3.0679
1.16449
2.52068
5.11588
4.13169
7.17511
4.26229
4.70994
5.10257
1.841
3.37617
7.18448
2.72515
1.40443
2.56764
5.16233
2.96323
6.12076
4.45135
1.77878
9.16325
4.52862
5.07719
3.85617
4.15623
6.32121
3.79959
5.38882
8.05089
9.12946
1.81531
2.94981
4.37683
5.90347
4.70505
5.18034
4.56658
6.27231
7.49669
3.40747
8.40173
4.84818
2.3869
8.46642
3.78901
8.84824
1.14114
2.38643
8.75107
4.20831
1.69228
8.52535
7.81531
4.81967
9.21471
9.65307
7.45537
2.79298
9.24649
8.78719
2.10911
8.89343
1.84174
6.62817
7.81782
7.63805
3.55699
6.32795
2.41458
6.21978
6.91212
5.04518
5.83355
3.12549
5.15698
6.44173
7.64537
7.53396
1.02988
4.51199
9.57643
4.41254
5.01437
6.58947
5.73671
6.61995
2.58402
4.75034
1.85829
1.26931
1.32961
2.29877
1.32235
9.3596
8.57647
6.75819
7.40769
7.25502
9.45381
9.48645
8.75837
4.54541
5.4252
6.26014
6.23464
3.26928
9.50429
9.94101
6.40326
8.72723
4.94225
6.16341
3.18992
8.72215
9.4706
1.16394
5.23985
1.86778
7.85983
7.34441
5.10455
9.57115
6.1905
4.75593
9.92391
1.91415
1.04974
7.79667
1.40932
4.35771
1.97972
4.09472
9.2283
2.40999
9.65055
3.53224
1.133
8.84928
9.17573
8.8847
3.4933
5.8826
9.24831
2.61835
2.84767
9.09881
3.84713
8.91393
6.29926
3.43349
3.61755
6.37186
2.91804
4.48122
4.59041
5.70165
2.61981
1.37272
4.7516
5.53221
4.9684
9.13531
4.28956
2.35985
2.10592
5.7826
2.08549
9.92133
2.78897
4.78383
6.23979
9.88851
3.07323
5.29897
7.47025
8.64655
7.32837
6.01913
7.56741
6.52886
7.41485
7.84476
5.69506
7.09248
4.26445
1.14002
9.26921
1.25967
2.66085
7.4973
1.16302
9.42397
7.21985
4.34521
3.66472
3.0642
9.17066
5.84006
3.43974
6.86928
6.43361
7.90533
2.66048
8.918
5.93879
9.88194
8.55304
9.46685
7.79953
6.15566
3.63175
4.00737
2.15726
7.22979
4.37554
9.07409
1.6109
4.02813
9.81129
9.60975
2.78936
3.79868
6.93489
9.65988
7.37775
6.82628
2.16749
1.67223
3.04935
5.93349
8.51593
1.75873
3.6387
4.7354
5.54942
4.74446
9.79723
2.8323
7.91411
3.03879
3.55439
7.86195
7.67393
2.92368
6.10132
3.74323
4.25677
8.57052
7.8246
8.53903
7.53819
9.42537
1.17994
3.28248
3.56352
2.41638
7.13759
4.34165
8.03951
2.08767
7.17217
3.14116
6.09765
2.51302
4.06236
4.17472
5.52617
2.04447
5.20594
4.702
7.91198
2.7842
9.22062
9.74657
9.57892
9.35005
4.63007
2.76269
3.9602
5.05011
5.1232
6.36622
7.67446
8.32743
4.8947
5.9745
7.88202
8.57354
6.83482
7.64934
1.00205
5.5401
7.66122
9.17618
9.88227
3.11957
3.26197
3.54549
9.98174
5.44204
3.04726
4.8562
2.80938
5.94942
1.9694
5.34597
6.20824
2.52414
2.79312
3.70661
1.48906
2.30647
4.84516
1.70071
9.73699
7.99848
7.48176
1.27139
1.67386
7.2061
8.74353
4.22341
3.27877
4.14374
3.33434
8.16139
4.49769
7.85429
1.53752
2.13083
2.42249
9.65412
2.40601
1.95489
7.22061
7.09682
4.19774
7.7067
5.89499
1.02518
4.37838
4.58234
7.18336
6.33362
8.55704
5.64545
3.35583
3.36251
8.31943
2.42614
7.88561
8.90883
1.70278
3.7562
4.17475
4.7354
3.58329
5.5788
5.76527
1.99725
1.02686
4.83735
6.36708
6.32513
3.32352
6.61408
7.54153
4.34011
8.98712
9.00231
8.00147
4.37072
6.04194
7.09081
2.24344
7.91375
1.6172
2.62357
3.76046
1.71575
4.76101
2.67773
5.54055
4.51928
3.22869
2.66066
1.71472
6.30727
2.61432
2.27336
4.42998
2.90782
9.3382
7.65163
5.09568
9.0391
7.36978
1.44009
4.38991
6.28838
4.73369
5.32327
8.58669
2.86505
9.92229
2.00515
3.20286
1.92889
7.70041
5.86863
1.80687
1.38137
5.76894
1.01056
1.43153
9.56128
9.58701
2.0273
1.57297
2.64164
1.7178
1.92886
9.05811
8.17675
8.71781
9.09806
7.96491
2.8777
8.68786
6.69829
4.09357
9.00012
1.98956
2.69652
8.60757
9.69288
6.8394
3.20397
1.41441
9.36159
7.51681
7.86654
4.19267
7.47495
6.20913
1.41427
7.07482
7.97949
2.91574
7.22916
6.89993
2.94753
6.68374
5.68773
8.81849
4.94687
7.77973
5.8248
1.65531
8.62981
4.12875
8.3589
5.80142
4.37306
8.02368
5.59106
8.11855
3.38236
8.66995
4.19987
5.99152
6.39888
9.13621
3.06375
8.67523
9.83356
7.8636
5.07635
1.39109
7.77493
5.38377
3.47357
7.45932
6.09927
4.47593
3.98308
5.34527
9.23768
1.43518
4.13441
3.42726
1.48588
7.45423
4.84091
4.32329
8.61259
5.2906
9.08339
1.42442
2.66201
2.99227
4.10438
2.80031
6.37725
4.32197
7.04793
4.51913
5.70888
5.33048
9.56943
4.91912
4.99001
7.46199
4.07438
3.06903
8.25609
5.94647
4.60162
5.82772
4.98422
3.862
8.99993
6.76111
8.12846
9.56627
5.43417
3.65888
8.75608
7.74168
7.06621
8.17572
8.80793
6.34112
9.01805
4.22752
4.06323
9.16067
4.61277
4.65245
9.89304
7.50015
6.85447
7.13163
8.88074
4.22797
2.46087
8.07203
7.11308
9.07694
4.80338
6.15028
8.99318
4.89307
3.5353
1.30018
2.5787
8.15801
7.06205
8.00814
8.93031
8.33847
8.18664
7.33159
3.8598
4.36511
5.94729
6.29171
1.31703
1.94421
9.86639
9.95613
6.63626
7.35764
5.85833
7.95856
6.2695
8.58336
9.23028
6.25984
9.699
2.9224
6.15452
7.8515
3.34097
4.84743
5.01534
4.83042
4.07176
6.19494
3.80742
5.6831
5.99655
7.00989
1.06035
7.06199
1.19493
5.00909
8.31354
1.78322
1.07316
9.33665
5.05995
8.87906
2.3741
4.76325
7.01555
7.99244
5.56564
7.53585
3.61122
4.52855
2.42639
1.6885
4.26537
4.63349
4.80107
2.16674
6.17151
8.50266
9.46601
8.71912
5.8865
9.19838
8.14261
8.81355
8.33007
3.54962
7.22479
3.56376
4.48955
6.86014
9.36677
1.59848
5.67884
5.66325
3.86425
9.43107
6.77086
9.53294
8.08489
5.69869
4.37444
2.69632
8.27367
5.22469
9.89905
8.45076
6.40868
1.10459
3.61673
2.71138
5.05102
5.99026
4.8998
1.28051
4.9185
6.78685
8.8379
7.14889
5.57557
2.44458
7.9232
3.86218
3.30128
6.21924
9.92004
5.00993
9.06511
1.12547
7.03596
6.09983
6.65316
9.48958
9.54145
2.7671
3.19501
9.54643
9.09512
1.99073
1.70678
8.33963
5.73848
4.69973
6.24966
8.32921
8.26219
1.19019
9.93387
4.57445
9.77434
5.08795
8.92253
2.49893
3.04057
2.77759
1.53175
3.06416
7.12627
8.70765
2.22844
9.9253
8.21578
3.32214
7.85648
9.91927
6.54597
2.04761
2.23141
5.47901
5.235
3.35885
7.38353
7.19521
6.34701
9.68146
3.86898
2.86048
5.99013
5.36493
9.26973
6.78412
1.48203
4.60032
9.76832
2.54691
2.28693
9.16584
3.92509
2.09526
5.38986
5.97102
2.20161
8.66905
3.71955
6.94637
7.22008
3.72899
3.04487
5.49267
1.93251
2.02119
4.35592
9.16387
9.13775
3.03376
8.80835
1.28892
3.24657
5.7482
1.17972
8.49153
8.88404
6.34254
6.48621
9.59297
7.18909
7.79522
8.6919
6.20077
2.19705
2.4647
9.051
9.9081
8.39999
9.25589
8.11137
5.35586
3.67496
1.68385
1.05611
6.43796
4.53355
4.16915
3.48691
3.455
7.21518
2.46269
6.1595
1.97135
5.85679
7.16015
6.08103
5.14689
1.39309
7.07656
1.71029
9.92797
5.80945
9.86499
1.26306
7.45131
7.83174
9.83951
8.22863
6.30456
2.16272
1.25384
2.21406
6.5909
5.24906
2.62889
2.08639
2.38573
3.72267
2.16626
1.21473
4.91801
6.1638
1.70255
2.29886
2.45958
4.99881
9.38893
4.10129
8.51602
4.65685
8.25792
9.72468
1.03852
9.99329
4.68876
7.09243
3.68953
6.94377
7.06367
3.64755
4.46048
5.39667
2.53763
4.65698
1.28352
9.52362
5.94716
1.42591
7.93344
9.05125
4.87007
8.90293
4.30109
3.01709
2.14102
1.40246
5.08551
8.69629
7.68025
3.68976
3.79567
8.80543
1.33936
5.64358
4.44078
8.36735
7.40542
9.31603
7.06241
8.86299
9.21084
2.61356
3.69879
2.22507
5.29308
8.29881
8.90693
2.63798
1.99718
1.84111
1.8648
8.55594
4.07279
6.16806
1.1568
4.40012
2.25515
9.33855
8.75651
6.73807
6.24684
7.98014
7.22007
5.87963
3.88167
1.80294
6.84227
9.46892
3.90408
5.01533
4.80178
3.84921
3.01664
6.85809
7.12281
5.9334
9.06221
2.4801
7.17518
4.5212
8.80572
6.26784
3.95696
4.43379
7.04959
7.54766
1.31138
7.77692
7.10819
5.90231
6.41958
6.36748
7.04197
4.411
9.05053
1.6157
2.34306
7.68308
8.80425
8.23863
5.90111
8.49248
6.91382
6.41147
7.90249
4.73065
5.9947
2.932
5.54166
8.70393
4.55762
2.32945
4.15731
7.23752
9.69518
6.48927
8.49936
7.83178
5.70455
8.83472
7.28932
5.81093
6.1624
8.83793
8.34442
4.67127
9.39227
3.47422
2.95654
7.28758
2.54078
8.7368
3.36549
4.09825
9.22402
6.28135
9.88481
3.18724
1.29726
7.87083
3.11204
7.89583
5.64915
3.70019
7.89041
8.76091
5.23493
3.38164
6.2077
1.00881
7.59789
1.96728
1.72157
2.01905
9.364
4.80559
8.00403
1.81492
8.67137
3.00729
6.12672
6.57883
3.86036
1.18792
5.98425
7.23758
2.27205
3.87966
9.03345
2.3278
3.09863
6.36601
9.31751
7.15104
4.37886
5.05044
1.39407
2.90164
9.0746
9.59533
4.66372
5.45415
9.46135
7.92094
1.96218
9.77231
3.03714
3.99633
4.9133
9.25818
5.80548
6.26457
1.1217
9.68177
7.26612
1.81107
6.46045
2.23404
4.90457
7.1963
6.28363
2.35324
9.40475
4.2631
7.78229
1.69274
6.43249
1.32486
8.31472
3.51689
6.46805
8.03771
6.87912
2.23376
8.4849
7.45872
8.15088
2.90298
3.8144
2.41178
5.8798
9.28832
4.67376
5.32588
5.3897
2.9943
6.70891
6.23148
3.72595
3.83629
4.28845
9.6569
3.05125
7.62404
2.50037
8.09505
8.26346
1.10259
6.92729
7.47616
5.94292
1.82767
4.61803
5.22491
8.92155
6.15038
3.2534
5.83984
4.51653
8.67864
9.86178
1.87977
4.6725
5.05328
7.6492
7.26813
7.99191
1.23487
1.18046
6.72617
8.25683
4.31105
8.25694
5.87562
8.91812
6.69244
3.28835
8.67027
8.31484
3.99664
8.95659
6.08466
3.53927
5.15341
8.29724
4.62629
5.28802
3.33931
3.88403
7.90345
9.95798
3.84227
9.77122
9.71835
3.65297
6.54185
8.5005
8.42314
8.38782
4.07975
5.58222
7.73523
5.49162
1.57798
1.19303
4.8112
8.50572
1.26776
4.79119
1.93352
5.15994
4.41246
9.40205
6.66986
4.09548
7.08862
8.04021
1.5953
5.98559
9.7257
1.47347
3.49775
2.74897
7.41834
9.06879
6.55686
1.10455
2.5773
8.26242
3.69598
4.99912
9.56679
7.7269
8.32386
7.88577
8.27968
5.77707
1.55981
4.95566
7.44912
9.04027
5.90266
1.40943
9.40136
3.39476
1.91872
5.17172
1.07696
5.31604
9.75882
2.53979
3.52935
6.99058
4.80883
8.98199
7.30301
4.83228
9.54975
3.31109
1.51815
3.73026
2.93004
4.33772
7.82193
3.11017
2.28266
4.48974
1.73522
9.21916
6.37031
2.25042
9.87864
8.88852
8.34539
2.10424
6.43409
2.60435
1.64613
1.90814
3.37071
1.56634
6.95157
6.17116
2.21409
2.96864
8.21039
8.36959
7.13426
1.58067
2.27737
5.04469
7.09541
2.80216
6.45884
5.09935
4.81242
6.45527
6.80591
1.96017
5.83086
7.21684
9.82805
6.49884
2.14512
7.79049
8.86038
3.29413
5.14926
5.32964
6.92825
8.1697
3.33553
4.5016
9.88793
8.65099
3.80217
1.17576
6.63192
1.66297
5.72375
3.11297
5.12544
8.978
7.84304
2.65844
7.81799
6.41604
7.20863
9.3935
8.21592
3.40817
7.95706
5.27831
1.74518
8.01265
7.79915
2.07227
7.66107
8.53085
7.68902
6.77938
1.99742
1.13954
3.11935
3.31049
3.37139
7.74497
3.20133
1.62053
5.94873
5.4741
2.33211
8.83697
6.48726
6.98267
9.01114
2.48187
4.05271
7.82839
5.49147
6.88324
4.45398
7.52221
6.66066
5.83232
9.49823
2.01928
2.12032
2.90047
6.06869
7.20248
4.69686
2.45989
5.83166
2.25714
9.36445
8.61389
1.8024
7.53695
7.04044
4.86463
7.12651
6.72279
6.25678
8.77176
5.08344
6.33957
8.44064
7.3643
7.67563
9.82509
9.5973
5.20971
4.92953
6.08304
7.03773
3.23502
9.06677
1.97681
7.16862
2.73535
5.77989
6.41303
7.30994
8.44501
3.69202
3.25495
8.41945
8.70979
7.24706
7.85388
3.03028
3.33975
6.80325
1.55063
7.36547
7.07639
8.48912
1.94657
2.38592
5.27175
7.24842
7.39806
6.72003
5.41759
7.79758
2.8028
6.41599
1.34745
2.27923
4.55739
7.825
4.29787
6.93681
1.2399
3.85879
7.96562
3.04879
9.0538
4.32675
4.79384
4.49115
2.36455
7.84897
8.34119
8.00062
9.7002
9.05109
9.98678
2.28793
9.68978
1.7332
7.40622
3.95094
6.06523
1.67967
7.74794
3.63853
6.18584
3.82055
3.86317
3.63105
8.37774
8.69043
9.89616
8.96037
4.16381
8.03162
1.38947
9.70685
4.18411
5.37806
3.74651
3.27821
8.19695
8.06022
5.42084
3.724
8.26607
9.82827
3.52872
5.36165
5.61442
5.01605
1.18973
1.81399
1.70328
6.19194
3.91679
6.07421
9.78407
2.48557
2.65151
2.29927
3.36277
5.62469
2.23189
6.76128
1.49479
1.84275
9.46543
8.26942
1.99787
5.74466
5.30005
3.00206
7.34125
7.99279
4.10953
1.00913
6.31572
5.81137
6.2212
1.74897
2.54428
7.06635
6.00805
3.97836
3.9706
8.41777
6.80254
8.72768
3.46416
4.53495
9.30264
2.37035
5.65926
2.34206
9.97062
2.99221
1.96386
5.16203
3.10516
1.15301
9.19937
7.45494
1.68399
2.22584
2.08403
9.19763
3.97036
6.06915
2.30589
3.14452
6.54072
3.09781
5.90888
7.99454
9.62808
3.409
2.42498
5.82304
9.96721
5.85298
4.80327
7.3316
9.56134
4.0761
9.25969
1.05759
6.36827
1.20646
6.23885
2.52961
7.93051
5.13638
7.83861
9.78465
5.84279
5.67465
3.20922
5.08953
9.91319
2.37989
2.27685
1.14879
2.39233
6.15432
5.16957
6.50071
1.48714
4.72714
3.78772
5.67595
3.93097
3.58938
3.31053
7.9012
3.87271
1.10591
9.41391
2.95231
2.85989
9.09712
7.28266
4.20907
1.93673
2.625
5.00458
8.19008
8.9892
7.23335
5.97363
2.99587
9.56242
3.10355
4.45181
4.71767
3.14243
5.74874
9.32859
3.41556
5.90266
8.23915
8.80092
3.03177
7.22877
5.90958
4.03157
1.51353
9.12138
7.75294
7.53029
4.24394
4.81151
8.56478
2.24907
2.89976
1.60815
7.2643
4.62988
7.48105
3.04173
6.67097
4.18014
6.36263
4.07484
6.70937
9.74807
9.22101
5.27447
4.46229
2.8983
3.95557
1.58636
6.58565
5.64834
2.7995
5.38981
3.85629
8.47897
6.35727
2.30397
5.97998
7.00471
5.74592
5.92215
9.19356
1.45109
6.38676
3.07994
7.63541
9.1988
4.76382
4.79218
5.27342
7.90728
6.93562
2.27712
8.7806
8.9098
1.62449
4.65525
7.20058
1.16555
2.47667
3.71059
1.39487
5.33336
5.6013
3.4948
9.14342
4.18404
3.04822
6.88348
4.62054
7.1859
3.16844
4.98654
7.63558
9.28631
5.25855
9.15673
2.35236
4.63577
7.34878
4.97902
3.66984
5.9373
3.59176
7.50067
7.1267
1.26139
5.39562
2.97322
5.13569
6.6957
8.28485
8.67734
8.60355
2.41528
5.50652
3.2507
1.3592
7.05452
3.63006
9.15294
7.29637
9.61728
1.78399
1.86455
2.8536
4.59201
8.62905
2.35445
1.43029
8.23587
8.08098
6.04364
7.21512
1.07479
5.77254
7.1301
6.74297
4.38184
6.05903
2.75845
5.46315
9.71488
2.57023
9.80898
4.07356
2.31639
4.30202
5.1528
8.4481
7.49142
6.23119
5.38919
1.06264
4.12784
4.59673
9.92958
4.38323
7.37463
3.67381
8.35565
4.21425
7.17629
1.25598
3.52288
6.7674
5.03996
5.39011
4.11926
4.16544
8.11275
7.01835
5.6017
5.36335
9.13569
6.55163
6.59211
2.23441
2.01183
1.90852
6.51473
9.51609
8.26442
3.23689
5.91048
4.91168
2.90533
6.29359
2.08866
9.71007
2.90746
2.38956
5.26149
3.14988
9.28181
7.55038
3.18735
4.8858
6.89453
8.45291
5.28863
9.99691
8.50672
7.30106
1.50986
2.31778
7.11632
7.61784
5.14254
4.83811
9.39013
4.58695
4.41721
1.96332
6.93173
5.59426
6.08732
9.45298
2.93606
7.29463
5.00632
2.52286
5.99917
2.89161
9.88178
4.85005
1.22976
2.36036
3.46121
5.29204
2.29693
7.55231
5.0585
7.1043
2.22199
8.95913
9.5611
6.85411
5.3358
5.98558
3.17373
2.19127
9.41917
5.40368
7.6003
6.09772
2.71739
3.72293
2.21819
6.7138
6.7457
9.83441
7.97054
4.97042
1.38666
4.76755
9.05173
7.34083
6.80315
7.70236
2.3289
3.15389
1.0218
9.83501
7.84493
4.3062
2.60054
7.09396
1.9089
4.55902
3.05882
7.50826
7.05459
7.0108
2.91332
8.97508
2.11808
3.94645
1.53722
5.52118
3.81916
5.54074
1.38667
1.87445
2.7378
4.05596
6.12633
3.37527
2.02108
2.9645
3.93297
7.0638
7.14671
3.1969
5.58026
2.26024
2.10782
1.30275
6.58346
2.47053
3.80701
5.00862
1.0186
8.81941
3.37736
8.37447
6.94968
3.88845
1.53423
3.25102
3.82604
6.24709
5.82967
8.01989
6.96633
3.04744
4.744
7.20067
8.45569
9.2336
1.30038
9.21012
4.87072
9.66028
5.37642
6.26062
5.87195
6.1511
9.37123
4.44778
9.45222
8.45967
7.49951
8.12179
3.40107
8.91776
9.10979
8.07795
6.46794
7.76067
6.37754
4.67276
1.99219
1.76071
4.52351
3.308
1.59273
6.79534
9.97608
6.31821
1.94411
1.40199
4.03754
6.56319
7.88687
8.38985
3.0514
8.42589
6.79356
9.03722
9.6809
8.82256
2.07319
4.76787
6.13815
4.89341
6.91851
7.47003
8.40882
2.54485
7.08029
1.17678
6.14209
3.36954
1.22335
4.02301
5.93962
5.54052
9.58117
3.84624
1.99695
3.34759
3.85024
4.75737
8.95685
6.3477
9.55459
1.73952
4.35238
9.53745
7.11979
5.31667
1.49732
3.38982
2.24168
7.25195
6.11799
1.30757
5.80212
6.0005
2.07787
1.84489
2.38792
7.27085
5.53099
2.19221
2.1271
5.10156
9.76719
2.35366
2.1257
8.70992
6.92124
3.20198
1.1928
6.27712
1.12673
8.94126
5.6274
3.46552
6.29499
5.65793
6.88108
4.84706
6.10114
9.94689
4.39535
4.73384
7.95674
1.12861
4.1967
6.71585
4.73696
4.33994
1.24132
7.69867
7.44532
5.40794
4.3254
6.69388
6.48852
1.03792
8.22969
9.2323
1.82992
7.22353
3.63395
8.91511
3.22908
7.52825
2.55806
1.56571
9.12854
6.34171
5.64165
4.39332
6.87603
5.22635
2.06007
2.10251
3.47877
7.64597
4.12799
1.59943
3.74697
1.98142
7.50457
9.52434
1.20592
1.51476
8.88209
5.94366
3.68384
6.32726
6.38078
5.20395
8.12022
8.1149
6.28091
4.87321
4.49547
7.10649
7.76748
4.65644
9.8212
4.1731
6.38778
1.54776
5.79018
4.37759
3.15386
7.09882
5.55802
3.59343
7.46463
9.70706
7.19802
4.10706
9.51068
8.73677
2.99047
9.69377
7.98075
9.53519
5.88492
3.16719
1.10217
2.2951
6.71242
5.91279
7.2696
8.68155
5.00888
7.10126
2.09895
4.95751
4.58776
8.54534
5.57755
4.13408
9.86986
7.02328
6.2374
2.97625
3.29272
6.14668
2.65038
9.77701
4.53854
9.65871
2.12802
3.58773
9.56894
3.70903
8.24014
2.19235
2.33206
1.95181
6.29199
5.32001
7.96185
1.90535
3.78712
9.31352
8.64796
7.07351
1.70759
5.13287
3.85959
4.56041
6.93155
4.41239
8.48629
2.44566
3.91302
4.37275
6.64322
9.22932
4.5538
8.81685
7.93045
5.07251
9.69684
8.88146
2.5916
7.8994
8.45291
1.19535
7.45153
4.86055
4.87645
2.90588
3.238
7.99454
9.03737
6.9081
8.06018
2.41068
4.5504
8.41704
2.87294
6.12334
9.82791
3.67397
7.19507
6.91215
2.88386
7.12417
9.46611
4.26603
1.56859
2.24526
9.92256
6.44765
7.66907
1.88866
1.60757
6.44164
4.23076
5.14707
2.92445
5.13676
4.78816
8.79899
7.66048
6.23128
6.82264
2.33612
7.64967
5.98825
9.29426
5.56876
1.70353
1.06938
7.19348
9.03844
9.48897
6.36613
7.62055
2.46566
7.18969
3.67988
3.031
7.62716
8.9529
4.13015
3.28273
3.62734
2.03607
4.27952
1.63055
2.67132
7.44114
7.91194
1.72348
4.02549
9.40055
1.67185
7.34046
6.26316
8.8447
6.71195
9.20743
7.27724
8.14022
5.31761
1.70764
4.0034
9.39084
7.65348
5.4757
3.48432
9.01242
6.9362
1.34444
6.99726
6.84892
6.05741
5.82495
3.56481
4.16737
3.08746
4.29235
2.91141
1.35442
2.19058
3.1033
6.21038
5.94712
9.57524
6.38
5.05885
8.83515
3.39836
8.14307
9.08613
4.32664
7.70421
5.53411
2.68827
7.01265
6.85572
1.22173
5.47241
7.57501
6.1019
6.09942
8.30442
8.31896
1.91886
4.13381
3.45399
1.80869
7.51469
1.50064
1.87284
1.22281
1.81366
1.35499
3.43859
8.54379
6.57321
2.62983
8.68799
3.8868
1.59387
9.65169
9.46435
2.22494
6.26754
9.00248
1.79292
4.74784
4.24705
3.34557
6.93946
3.25572
7.2937
3.24323
9.02301
5.7551
8.19101
1.71012
6.76831
3.59366
4.59013
4.28604
9.79112
3.9913
6.92412
1.39721
8.54346
2.66357
7.44509
6.28005
8.19006
3.8531
7.25351
5.85827
2.01864
5.40356
7.46614
8.0165
6.41044
1.12334
2.99838
5.11628
8.66576
9.21117
8.51108
9.02525
1.62415
1.19975
9.42343
2.95385
2.86976
4.37924
7.56178
5.52654
7.09757
9.08614
9.12098
1.88325
4.8322
5.77908
7.88941
2.87715
6.3379
1.9983
4.66412
2.44047
6.47976
4.60703
2.32078
2.96088
4.41215
2.04496
9.30047
1.91293
6.36028
3.57098
9.20698
2.20827
7.24211
1.38921
9.12206
1.76502
1.72108
4.34844
5.50692
3.41603
2.61497
3.31002
5.78667
8.81813
6.86292
5.51373
7.73946
6.38926
7.23819
2.67297
9.10742
4.96637
3.85734
9.08641
3.90418
1.56886
5.3063
8.45356
6.53914
6.31525
1.5324
3.43965
1.23005
1.92363
9.88902
8.69302
4.96611
4.15653
1.03578
7.61091
7.01349
3.83839
6.03376
9.10357
8.66418
4.10129
1.13068
2.26121
5.27412
5.39145
1.40952
4.70667
6.26907
6.0603
7.13398
6.84026
6.37246
8.17359
5.70787
1.37296
5.60038
9.15551
3.54384
8.53283
6.16011
2.22055
8.87146
9.22311
3.62056
6.85942
9.59439
2.9352
3.47851
6.19246
8.17213
5.20209
1.14287
6.75875
2.94698
7.26704
6.68711
5.58026
7.3084
9.5259
3.40002
6.92322
2.18286
9.73765
7.6182
7.7739